set N := 1 2 3 4 5 6 7 8 9 10 11 12 13 14 15 16 17 18 19 20 21 22 23 24 25 26 27 28 29 30 31 32 33 34 35 36 37 38 39 40 41 42 43 44 45 46 47 48 49 50 51 52 53 54 55 56 57 58 59 60 61 62 63 64 65 66 67 68 69 70 71 72 73 74 75 76 77 78 79 80 81 82 83 84 85 86 87 88 89 90 91 92 93 94 95 96 97 98 99 100 ;
set M := 1 2 3 4 5 6 7 8 9 10 11 12 13 14 15 16 17 18 19 20 21 22 23 24 25 26 27 28 29 30 31 32 33 34 35 36 37 38 39 40 41 42 43 44 45 46 47 48 49 50 51 52 53 54 55 56 57 58 59 60 61 62 63 64 65 66 67 68 69 70 71 72 73 74 75 76 77 78 79 80 81 82 83 84 85 86 87 88 89 90 91 92 93 94 95 96 97 98 99 100 ;
param d :=
1 1 0
1 2 5521
1 3 5610
1 4 1682
1 5 3912
1 6 3074
1 7 1545
1 8 1421
1 9 3552
1 10 431
1 11 4064
1 12 6226
1 13 4750
1 14 1589
1 15 532
1 16 2952
1 17 2379
1 18 5078
1 19 6116
1 20 6798
1 21 3220
1 22 4912
1 23 1664
1 24 1538
1 25 5432
1 26 2570
1 27 3627
1 28 5294
1 29 4088
1 30 5421
1 31 1446
1 32 916
1 33 3101
1 34 1151
1 35 5557
1 36 5347
1 37 5614
1 38 6017
1 39 2940
1 40 3347
1 41 3608
1 42 4231
1 43 4179
1 44 4463
1 45 987
1 46 3784
1 47 3488
1 48 4420
1 49 4702
1 50 521
1 51 3405
1 52 4830
1 53 3326
1 54 5489
1 55 5247
1 56 5149
1 57 5636
1 58 4699
1 59 5779
1 60 3068
1 61 6147
1 62 6718
1 63 1900
1 64 3968
1 65 5808
1 66 1729
1 67 3700
1 68 4016
1 69 1242
1 70 2764
1 71 3885
1 72 3016
1 73 1077
1 74 4252
1 75 5280
1 76 3064
1 77 284
1 78 4696
1 79 1631
1 80 4720
1 81 757
1 82 5310
1 83 6957
1 84 3994
1 85 3774
1 86 2739
1 87 2689
1 88 5260
1 89 4681
1 90 1545
1 91 3378
1 92 4170
1 93 1938
1 94 4581
1 95 1876
1 96 5938
1 97 2468
1 98 3473
1 99 3229
1 100 5915
2 1 5521
2 2 0
2 3 839
2 4 6797
2 5 2448
2 6 4467
2 7 4791
2 8 6639
2 9 2175
2 10 5119
2 11 2531
2 12 2606
2 13 2747
2 14 4070
2 15 5960
2 16 5865
2 17 4773
2 18 2469
2 19 1258
2 20 2399
2 21 4857
2 22 2426
2 23 4727
2 24 4032
2 25 2989
2 26 3685
2 27 2996
2 28 2529
2 29 4887
2 30 3721
2 31 4074
2 32 6272
2 33 3895
2 34 6626
2 35 936
2 36 816
2 37 6846
2 38 2566
2 39 4486
2 40 5633
2 41 3494
2 42 1867
2 43 1342
2 44 1458
2 45 4879
2 46 1768
2 47 3625
2 48 1237
2 49 1114
2 50 5002
2 51 3674
2 52 1724
2 53 3301
2 54 872
2 55 5433
2 56 831
2 57 2167
2 58 1843
2 59 1053
2 60 4222
2 61 2422
2 62 1752
2 63 5217
2 64 2902
2 65 592
2 66 4111
2 67 5523
2 68 2475
2 69 5642
2 70 2985
2 71 4228
2 72 4429
2 73 5315
2 74 3960
2 75 1270
2 76 2552
2 77 5524
2 78 3325
2 79 6795
2 80 2908
2 81 4859
2 82 2124
2 83 2140
2 84 2457
2 85 4758
2 86 4490
2 87 3015
2 88 3170
2 89 3150
2 90 7021
2 91 3786
2 92 3006
2 93 4203
2 94 5180
2 95 3673
2 96 3594
2 97 4489
2 98 3177
2 99 4027
2 100 401
3 1 5610
3 2 839
3 3 0
3 4 7020
3 5 3057
3 6 5001
3 7 4667
3 8 6836
3 9 2604
3 10 5237
3 11 3179
3 12 3443
3 13 3505
3 14 4290
3 15 6087
3 16 6345
3 17 4502
3 18 1745
3 19 2051
3 20 3184
3 21 5406
3 22 1740
3 23 4586
3 24 4076
3 25 3803
3 26 4108
3 27 3585
3 28 3341
3 29 5535
3 30 2967
3 31 4183
3 32 6427
3 33 4428
3 34 6749
3 35 119
3 36 1641
3 37 7544
3 38 3405
3 39 4126
3 40 6171
3 41 3050
3 42 2495
3 43 1591
3 44 1176
3 45 5093
3 46 2094
3 47 3198
3 48 1203
3 49 907
3 50 5104
3 51 3262
3 52 1129
3 53 2943
3 54 1709
3 55 6167
3 56 464
3 57 3003
3 58 2584
3 59 1884
3 60 4755
3 61 3258
3 62 2464
3 63 5584
3 64 2422
3 65 1390
3 66 4387
3 67 6105
3 68 3110
3 69 5544
3 70 2901
3 71 3709
3 72 4057
3 73 5563
3 74 3379
3 75 552
3 76 2864
3 77 5569
3 78 4071
3 79 7007
3 80 3662
3 81 5014
3 82 2943
3 83 2861
3 84 2036
3 85 5375
3 86 4165
3 87 2957
3 88 2422
3 89 3897
3 90 7047
3 91 3372
3 92 3688
3 93 4064
3 94 5867
3 95 3849
3 96 4423
3 97 4213
3 98 3746
3 99 4582
3 100 987
4 1 1682
4 2 6797
4 3 7020
4 4 0
4 5 4781
4 6 3237
4 7 3220
4 8 278
4 9 4666
4 10 1896
4 11 4871
4 12 6963
4 13 5412
4 14 2736
4 15 1162
4 16 2341
4 17 4035
4 18 6687
4 19 7172
4 20 7659
4 21 3166
4 22 6519
4 23 3340
4 24 3084
4 25 6019
4 26 3304
4 27 4349
4 28 6005
4 29 3998
4 30 7096
4 31 2885
4 32 787
4 33 3545
4 34 859
4 35 6983
4 36 6471
4 37 4934
4 38 6747
4 39 4612
4 40 2885
4 41 5280
4 42 5233
4 43 5487
4 44 5927
4 45 1928
4 46 5029
4 47 5164
4 48 5817
4 49 6123
4 50 2051
4 51 5082
4 52 6360
4 53 4982
4 54 6596
4 55 5031
4 56 6556
4 57 6447
4 58 5627
4 59 6854
4 60 3357
4 61 6924
4 62 7739
4 63 1882
4 64 5606
4 65 6984
4 66 2691
4 67 3311
4 68 4852
4 69 2724
4 70 4311
4 71 5566
4 72 4690
4 73 1485
4 74 5935
4 75 6756
4 76 4246
4 77 1900
4 78 5179
4 79 85
4 80 5333
4 81 2035
4 82 6128
4 83 7916
4 84 5587
4 85 3739
4 86 4412
4 87 4225
4 88 6915
4 89 5221
4 90 1659
4 91 5058
4 92 4796
4 93 3614
4 94 4396
4 95 3170
4 96 6382
4 97 4143
4 98 4155
4 99 3582
4 100 7172
5 1 3912
5 2 2448
5 3 3057
5 4 4781
5 5 0
5 6 2036
5 7 3879
5 8 4686
5 9 793
5 10 3481
5 11 222
5 12 2318
5 13 987
5 14 2325
5 15 4212
5 16 3463
5 17 4299
5 18 3904
5 19 2427
5 20 2906
5 21 2416
5 22 3768
5 23 3877
5 24 2803
5 25 1675
5 26 1477
5 27 550
5 28 1418
5 29 2478
5 30 5021
5 31 2646
5 32 4436
5 33 1475
5 34 4842
5 35 3090
5 36 1840
5 37 4513
5 38 2114
5 39 4337
5 40 3193
5 41 3833
5 42 580
5 43 1650
5 44 2538
5 45 3023
5 46 1256
5 47 3877
5 48 2173
5 49 2452
5 50 3420
5 51 3870
5 52 3145
5 53 3456
5 54 1931
5 55 3213
5 56 2691
5 57 1724
5 58 849
5 59 2136
5 60 1795
5 61 2234
5 62 2968
5 63 2993
5 64 3533
5 65 2394
5 66 2204
5 67 3075
5 68 132
5 69 4528
5 70 2513
5 71 4621
5 72 4326
5 73 3332
5 74 4600
5 75 3135
5 76 1164
5 77 4027
5 78 1305
5 79 4799
5 80 1046
5 81 3157
5 82 1398
5 83 3135
5 84 3125
5 85 2321
5 86 4232
5 87 2456
5 88 4533
5 89 1171
5 90 5448
5 91 3957
5 92 723
5 93 3461
5 94 2833
5 95 2153
5 96 2318
5 97 4083
5 98 741
5 99 1588
5 100 2725
6 1 3074
6 2 4467
6 3 5001
6 4 3237
6 5 2036
6 6 0
6 7 3852
6 8 3239
6 9 2413
6 10 2724
6 11 2013
6 12 3848
6 13 2314
6 14 1956
6 15 3121
6 16 1441
6 17 4573
6 18 5483
6 19 4399
6 20 4623
6 21 412
6 22 5323
6 23 3911
6 24 2834
6 25 2838
6 26 1092
6 27 1488
6 28 2911
6 29 1059
6 30 6402
6 31 2521
6 32 3183
6 33 574
6 34 3602
6 35 5016
6 36 3874
6 37 2991
6 38 3634
6 39 4870
6 40 1170
6 41 4828
6 42 2611
6 43 3452
6 44 4243
6 45 2102
6 46 2955
6 47 4804
6 48 3949
6 49 4265
6 50 2761
6 51 4762
6 52 4835
6 53 4425
6 54 3957
6 55 2221
6 56 4590
6 57 3419
6 58 2820
6 59 4136
6 60 246
6 61 3842
6 62 4881
6 63 1372
6 64 4772
6 65 4428
6 66 1655
6 67 1153
6 68 2040
6 69 4135
6 70 3390
6 71 5497
6 72 4899
6 73 2089
6 74 5643
6 75 4975
6 76 2314
6 77 3305
6 78 1976
6 79 3282
6 80 2202
6 81 2422
6 82 3129
6 83 4972
6 84 4486
6 85 740
6 86 4702
6 87 3296
6 88 6001
6 89 2045
6 90 4392
6 91 4810
6 92 1725
6 93 3724
6 94 1573
6 95 2224
6 96 3149
6 97 4466
6 98 1295
6 99 454
6 100 4759
7 1 1545
7 2 4791
7 3 4667
7 4 3220
7 5 3879
7 6 3852
7 7 0
7 8 2951
7 9 3260
7 10 1492
7 11 4082
7 12 6127
7 13 4848
7 14 1907
7 15 2057
7 16 4203
7 17 849
7 18 3782
7 19 5651
7 20 6531
7 21 4128
7 22 3628
7 23 121
7 24 1105
7 25 5547
7 26 2966
7 27 3805
7 28 5289
7 29 4911
7 30 3946
7 31 1363
7 32 2437
7 33 3647
7 34 2565
7 35 4590
7 36 4842
7 37 6719
7 38 5939
7 39 1394
7 40 4481
7 41 2167
7 42 3991
7 43 3505
7 44 3492
7 45 1972
7 46 3260
7 47 2028
7 48 3573
7 49 3794
7 50 1355
7 51 1940
7 52 3711
7 53 1964
7 54 4996
7 55 6064
7 56 4236
7 57 5494
7 58 4500
7 59 5310
7 60 3751
7 61 6009
7 62 6265
7 63 3065
7 64 2634
7 65 5202
7 66 2201
7 67 4757
7 68 4007
7 69 881
7 70 1806
7 71 2348
7 72 1471
7 73 2365
7 74 2736
7 75 4241
7 76 2765
7 77 1321
7 78 4979
7 79 3163
7 80 4870
7 81 1618
7 82 5185
7 83 6569
7 84 2782
7 85 4593
7 86 1193
7 87 1778
7 88 3849
7 89 4909
7 90 2530
7 91 1894
7 92 4370
7 93 603
7 94 5425
7 95 1797
7 96 6157
7 97 923
7 98 3719
7 99 3829
7 100 5191
8 1 1421
8 2 6639
8 3 6836
8 4 278
8 5 4686
8 6 3239
8 7 2951
8 8 0
8 9 4528
8 10 1662
8 11 4787
8 12 6902
8 13 5356
8 14 2569
8 15 894
8 16 2458
8 17 3761
8 18 6456
8 19 7056
8 20 7579
8 21 3204
8 22 6288
8 23 3071
8 24 2859
8 25 5979
8 26 3213
8 27 4274
8 28 5944
8 29 4055
8 30 6841
8 31 2676
8 32 513
8 33 3506
8 34 606
8 35 6796
8 36 6340
8 37 5095
8 38 6686
8 39 4342
8 40 2987
8 41 5027
8 42 5118
8 43 5319
8 44 5729
8 45 1760
8 46 4871
8 47 4908
8 48 5633
8 49 5934
8 50 1815
8 51 4825
8 52 6149
8 53 4735
8 54 6469
8 55 5117
8 56 6372
8 57 6371
8 58 5527
8 59 6734
8 60 3340
8 61 6856
8 62 7631
8 63 1868
8 64 5366
8 65 6845
8 66 2551
8 67 3408
8 68 4763
8 69 2446
8 70 4092
8 71 5298
8 72 4420
8 73 1357
8 74 5672
8 75 6557
8 76 4094
8 77 1629
8 78 5152
8 79 212
8 80 5285
8 81 1829
8 82 6049
8 83 7819
8 84 5359
8 85 3783
8 86 4142
8 87 4008
8 88 6670
8 89 5184
8 90 1444
8 91 4799
8 92 4741
8 93 3358
8 94 4472
8 95 2988
8 96 6369
8 97 3874
8 98 4085
8 99 3559
8 100 7019
9 1 3552
9 2 2175
9 3 2604
9 4 4666
9 5 793
9 6 2413
9 7 3260
9 8 4528
9 9 0
9 10 3126
9 11 1014
9 12 2868
9 13 1748
9 14 1994
9 15 3929
9 16 3741
9 17 3592
9 18 3191
9 19 2565
9 20 3302
9 21 2822
9 22 3045
9 23 3240
9 24 2245
9 25 2404
9 26 1517
9 27 1129
9 28 2074
9 29 3080
9 30 4262
9 31 2162
9 32 4204
9 33 1845
9 34 4586
9 35 2610
9 36 1815
9 37 5154
9 38 2685
9 39 3582
9 40 3577
9 41 3040
9 42 731
9 43 1039
9 44 1866
9 45 2782
9 46 550
9 47 3086
9 48 1543
9 49 1855
9 50 3036
9 51 3081
9 52 2472
9 53 2665
9 54 1949
9 55 3932
9 56 2180
9 57 2235
9 58 1240
9 59 2230
9 60 2168
9 61 2749
9 62 3165
9 63 3041
9 64 2745
9 65 2318
9 66 1977
9 67 3543
9 68 920
9 69 3984
9 70 1749
9 71 3830
9 72 3566
9 73 3181
9 74 3807
9 75 2564
9 76 506
9 77 3617
9 78 2098
9 79 4670
9 80 1827
9 81 2827
9 82 1929
9 83 3412
9 84 2348
9 85 2869
9 86 3489
9 87 1702
9 88 3791
9 89 1964
9 90 5095
9 91 3170
9 92 1502
9 93 2786
9 94 3491
9 95 1686
9 96 3072
9 97 3359
9 98 1234
9 99 2016
9 100 2528
10 1 431
10 2 5119
10 3 5237
10 4 1896
10 5 3481
10 6 2724
10 7 1492
10 8 1662
10 9 3126
10 10 0
10 11 3634
10 12 5795
10 13 4325
10 14 1157
10 15 850
10 16 2769
10 17 2342
10 18 4794
10 19 5691
10 20 6367
10 21 2906
10 22 4626
10 23 1600
10 24 1199
10 25 5010
10 26 2153
10 27 3203
10 28 4865
10 29 3760
10 30 5220
10 31 1054
10 32 1202
10 33 2709
10 34 1513
10 35 5188
10 36 4926
10 37 5381
10 38 5587
10 39 2856
10 40 3112
10 41 3404
10 42 3801
10 43 3779
10 44 4103
10 45 623
10 46 3372
10 47 3296
10 48 4040
10 49 4330
10 50 157
10 51 3217
10 52 4498
10 53 3092
10 54 5067
10 55 4924
10 56 4774
10 57 5205
10 58 4268
10 59 5355
10 60 2699
10 61 5716
10 62 6291
10 63 1658
10 64 3710
10 65 5392
10 66 1305
10 67 3439
10 68 3585
10 69 1445
10 70 2434
10 71 3761
10 72 2923
10 73 886
10 74 4096
10 75 4927
10 76 2642
10 77 590
10 78 4284
10 79 1860
10 80 4297
10 81 333
10 82 4879
10 83 6528
10 84 3696
10 85 3442
10 86 2655
10 87 2353
10 88 5022
10 89 4264
10 90 1975
10 91 3204
10 92 3749
10 93 1760
10 94 4262
10 95 1457
10 96 5524
10 97 2380
10 98 3052
10 99 2847
10 100 5511
11 1 4064
11 2 2531
11 3 3179
11 4 4871
11 5 222
11 6 2013
11 7 4082
11 8 4787
11 9 1014
11 10 3634
11 11 0
11 12 2162
11 13 771
11 14 2484
11 15 4346
11 16 3452
11 17 4515
11 18 4093
11 19 2397
11 20 2791
11 21 2374
11 22 3960
11 23 4082
11 24 2999
11 25 1466
11 26 1574
11 27 543
11 28 1237
11 29 2361
11 30 5223
11 31 2830
11 32 4556
11 33 1472
11 34 4967
11 35 3219
11 36 1872
11 37 4369
11 38 1952
11 39 4558
11 40 3150
11 41 4054
11 42 684
11 43 1828
11 44 2720
11 45 3156
11 46 1458
11 47 4099
11 48 2347
11 49 2616
11 50 3580
11 51 4092
11 52 3325
11 53 3678
11 54 1947
11 55 3040
11 56 2832
11 57 1589
11 58 809
11 59 2124
11 60 1779
11 61 2090
11 62 2911
11 63 3054
11 64 3747
11 65 2425
11 66 2344
11 67 3004
11 68 94
11 69 4715
11 70 2735
11 71 4842
11 72 4548
11 73 3441
11 74 4819
11 75 3287
11 76 1384
11 77 4189
11 78 1088
11 79 4893
11 80 824
11 81 3307
11 82 1265
11 83 3053
11 84 3335
11 85 2228
11 86 4452
11 87 2678
11 88 4730
11 89 950
11 90 5593
11 91 4179
11 92 532
11 93 3673
11 94 2690
11 95 2339
11 96 2100
11 97 4301
11 98 746
11 99 1558
11 100 2784
12 1 6226
12 2 2606
12 3 3443
12 4 6963
12 5 2318
12 6 3848
12 7 6127
12 8 6902
12 9 2868
12 10 5795
12 11 2162
12 12 0
12 13 1553
12 14 4642
12 15 6503
12 16 5230
12 17 6434
12 18 4995
12 19 1482
12 20 857
12 21 4098
12 22 4920
12 23 6109
12 24 5086
12 25 1061
12 26 3713
12 27 2636
12 28 958
12 29 3656
12 30 6249
12 31 4954
12 32 6701
12 33 3431
12 34 7115
12 35 3543
12 36 1856
12 37 5142
12 38 216
12 39 6352
12 40 4794
12 41 5598
12 42 2139
12 43 3014
12 44 3727
12 45 5313
12 46 2991
12 47 5689
12 48 3353
12 49 3448
12 50 5738
12 51 5709
12 52 4196
12 53 5288
12 54 1752
12 55 3650
12 56 3364
12 57 637
12 58 1630
12 59 1562
12 60 3666
12 61 184
12 62 1507
12 63 5097
12 64 5120
12 65 2075
12 66 4505
12 67 4505
12 68 2210
12 69 6824
12 70 4543
12 71 6397
12 72 6322
12 73 5574
12 74 6241
12 75 3849
12 76 3362
12 77 6345
12 78 1911
12 79 6992
12 80 1647
12 81 5469
12 82 941
12 83 1360
12 84 4655
12 85 3704
12 86 6286
12 87 4516
12 88 5701
12 89 1810
12 90 7755
12 91 5812
12 92 2169
12 93 5650
12 94 3699
12 95 4461
12 96 1263
12 97 6186
12 98 2818
12 99 3430
12 100 2538
13 1 4750
13 2 2747
13 3 3505
13 4 5412
13 5 987
13 6 2314
13 7 4848
13 8 5356
13 9 1748
13 10 4325
13 11 771
13 12 1553
13 13 0
13 14 3193
13 15 4993
13 16 3727
13 17 5286
13 18 4650
13 19 2235
13 20 2308
13 21 2596
13 22 4531
13 23 4850
13 24 3758
13 25 700
13 26 2195
13 27 1123
13 28 599
13 29 2308
13 30 5831
13 31 3575
13 32 5171
13 33 1877
13 34 5589
13 35 3567
13 36 1966
13 37 4129
13 38 1337
13 39 5320
13 40 3332
13 41 4773
13 42 1194
13 43 2389
13 44 3270
13 45 3808
13 46 2115
13 47 4827
13 48 2880
13 49 3105
13 50 4283
13 51 4826
13 52 3854
13 53 4407
13 54 1983
13 55 2689
13 56 3231
13 57 1112
13 58 923
13 59 2049
13 60 2121
13 61 1531
13 62 2630
13 63 3543
13 64 4425
13 65 2474
13 66 3021
13 67 3093
13 68 855
13 69 5462
13 70 3491
13 71 5569
13 72 5308
13 73 4039
13 74 5518
13 75 3717
13 76 2152
13 77 4894
13 78 582
13 79 5442
13 80 163
13 81 3993
13 82 851
13 83 2676
13 84 3993
13 85 2279
13 86 5218
13 87 3438
13 88 5317
13 89 409
13 90 6259
13 91 4916
13 92 616
13 93 4445
13 94 2500
13 95 3088
13 96 1331
13 97 5070
13 98 1288
13 99 1884
13 100 2906
14 1 1589
14 2 4070
14 3 4290
14 4 2736
14 5 2325
14 6 1956
14 7 1907
14 8 2569
14 9 1994
14 10 1157
14 11 2484
14 12 4642
14 13 3193
14 14 0
14 15 1935
14 16 2588
14 17 2619
14 18 4159
14 19 4556
14 20 5210
14 21 2261
14 22 3989
14 23 1959
14 24 888
14 25 3886
14 26 1092
14 27 2077
14 28 3719
14 29 3010
14 30 4833
14 31 566
14 32 2215
14 33 1749
14 34 2592
14 35 4258
14 36 3807
14 37 4890
14 38 4435
14 39 2949
14 40 2732
14 41 3096
14 42 2649
14 43 2752
14 44 3228
14 45 809
14 46 2302
14 47 3037
14 48 3089
14 49 3400
14 50 1096
14 51 2978
14 52 3710
14 53 2713
14 54 3943
14 55 4159
14 56 3827
14 57 4048
14 58 3111
14 59 4224
14 60 1844
14 61 4560
14 62 5151
14 63 1512
14 64 3210
14 65 4294
14 66 303
14 67 2942
14 68 2432
14 69 2322
14 70 1782
14 71 3667
14 72 2986
14 73 1274
14 74 3887
14 75 4055
14 76 1533
14 77 1705
14 78 3204
14 79 2728
14 80 3177
14 81 841
14 82 3722
14 83 5378
14 84 3060
14 85 2694
14 86 2771
14 87 1683
14 88 4527
14 89 3165
14 90 3131
14 91 3005
14 92 2636
14 93 1782
14 94 3525
14 95 471
14 96 4431
14 97 2524
14 98 1944
14 99 1925
14 100 4451
15 1 532
15 2 5960
15 3 6087
15 4 1162
15 5 4212
15 6 3121
15 7 2057
15 8 894
15 9 3929
15 10 850
15 11 4346
15 12 6503
15 13 4993
15 14 1935
15 15 0
15 16 2748
15 17 2875
15 18 5604
15 19 6492
15 20 7117
15 21 3201
15 22 5437
15 23 2177
15 24 2038
15 25 5657
15 26 2798
15 27 3875
15 28 5557
15 29 4078
15 30 5952
15 31 1905
15 32 385
15 33 3244
15 34 666
15 35 6039
15 36 5740
15 37 5439
15 38 6291
15 39 3450
15 40 3202
15 41 4140
15 42 4578
15 43 4622
15 44 4953
15 45 1190
15 46 4205
15 47 4019
15 48 4890
15 49 5181
15 50 987
15 51 3935
15 52 5338
15 53 3858
15 54 5877
15 55 5214
15 56 5625
15 57 5933
15 58 5027
15 59 6159
15 60 3157
15 61 6437
15 62 7085
15 63 1819
15 64 4498
15 65 6218
15 66 2008
15 67 3587
15 68 4307
15 69 1617
15 70 3271
15 71 4404
15 72 3527
15 73 1031
15 74 4778
15 75 5775
15 76 3458
15 77 738
15 78 4881
15 79 1106
15 80 4946
15 81 1106
15 82 5607
15 83 7306
15 84 4516
15 85 3775
15 86 3249
15 87 3193
15 88 5792
15 89 4883
15 90 1283
15 91 3907
15 92 4394
15 93 2469
15 94 4549
15 95 2289
15 96 6122
15 97 2980
15 98 3705
15 99 3344
15 100 6350
16 1 2952
16 2 5865
16 3 6345
16 4 2341
16 5 3463
16 6 1441
16 7 4203
16 8 2458
16 9 3741
16 10 2769
16 11 3452
16 12 5230
16 13 3727
16 14 2588
16 15 2748
16 16 0
16 17 5028
16 18 6617
16 19 5840
16 20 6030
16 21 1133
16 22 6451
16 23 4295
16 24 3423
16 25 4189
16 26 2248
16 27 2920
16 28 4316
16 29 1774
16 30 7398
16 31 3099
16 32 2630
16 33 1988
16 34 2986
16 35 6348
16 36 5304
16 37 2692
16 38 5020
16 39 5458
16 40 556
16 41 5684
16 42 4030
16 43 4763
16 44 5483
16 45 2231
16 46 4258
16 47 5625
16 48 5231
16 49 5554
16 50 2877
16 51 5566
16 52 6047
16 53 5298
16 54 5391
16 55 2705
16 56 5914
16 57 4839
16 58 4260
16 59 5576
16 60 1672
16 61 5240
16 62 6319
16 63 1140
16 64 5762
16 65 5857
16 66 2320
16 67 983
16 68 3475
16 69 4182
16 70 4327
16 71 6241
16 72 5508
16 73 1892
16 74 6475
16 75 6260
16 76 3533
16 77 3232
16 78 3323
16 79 2412
16 80 3603
16 81 2585
16 82 4557
16 83 6399
16 84 5554
16 85 1589
16 86 5266
16 87 4228
16 88 7058
16 89 3420
16 90 3850
16 91 5590
16 92 3156
16 93 4281
16 94 2096
16 95 3015
16 96 4390
16 97 5001
16 98 2722
16 99 1895
16 100 6173
17 1 2379
17 2 4773
17 3 4502
17 4 4035
17 5 4299
17 6 4573
17 7 849
17 8 3761
17 9 3592
17 10 2342
17 11 4515
17 12 6434
17 13 5286
17 14 2619
17 15 2875
17 16 5028
17 17 0
17 18 3341
17 19 5770
17 20 6741
17 21 4877
17 22 3205
17 23 743
17 24 1740
17 25 5972
17 26 3608
17 27 4321
17 28 5665
17 29 5622
17 30 3280
17 31 2052
17 32 3248
17 33 4305
17 34 3331
17 35 4410
17 36 4966
17 37 7495
17 38 6261
17 39 611
17 40 5281
17 41 1635
17 42 4303
17 43 3593
17 44 3365
17 45 2800
17 46 3462
17 47 1475
17 48 3536
17 49 3697
17 50 2203
17 51 1388
17 52 3445
17 53 1581
17 54 5121
17 55 6758
17 56 4111
17 57 5797
17 58 4809
17 59 5438
17 60 4447
17 61 6299
17 62 6375
17 63 3888
17 64 2214
17 65 5251
17 66 2922
17 67 5536
17 68 4431
17 69 1439
17 70 1902
17 71 1590
17 72 701
17 73 3210
17 74 2025
17 75 4017
17 76 3138
17 77 2136
17 78 5493
17 79 3974
17 80 5331
17 81 2453
17 82 5506
17 83 6710
17 84 2489
17 85 5308
17 86 436
17 87 1920
17 88 3273
17 89 5403
17 90 3153
17 91 1306
17 92 4870
17 93 871
17 94 6135
17 95 2399
17 96 6615
17 97 288
17 98 4265
17 99 4497
17 100 5163
18 1 5078
18 2 2469
18 3 1745
18 4 6687
18 5 3904
18 6 5483
18 7 3782
18 8 6456
18 9 3191
18 10 4794
18 11 4093
18 12 4995
18 13 4650
18 14 4159
18 15 5604
18 16 6617
18 17 3341
18 18 0
18 19 3727
18 20 4868
18 21 5892
18 22 170
18 23 3675
18 24 3604
18 25 5119
18 26 4425
18 27 4319
18 28 4669
18 29 6260
18 30 1256
18 31 3833
18 32 5980
18 33 4953
18 34 6219
18 35 1626
18 36 3140
18 37 8339
18 38 4916
18 39 2825
18 40 6589
18 41 1709
18 42 3471
18 43 2272
18 44 1381
18 45 4863
18 46 2658
18 47 1871
18 48 1770
18 49 1575
18 50 4641
18 51 1956
18 52 809
18 53 1820
18 54 3254
18 55 7112
18 56 1648
18 57 4463
18 58 3771
18 59 3499
18 60 5253
18 61 4815
18 62 4193
18 63 5646
18 64 1150
18 65 3061
18 66 4362
18 67 6637
18 68 4004
18 69 4641
18 70 2399
18 71 2151
18 72 2739
18 73 5370
18 74 1743
18 75 1212
18 76 3170
18 77 4953
18 78 5146
18 79 6654
18 80 4783
18 81 4669
18 82 4316
18 83 4588
18 84 1106
18 85 6031
18 86 2930
18 87 2492
18 88 706
18 89 4984
18 90 6309
18 91 2047
18 92 4623
18 93 3216
18 94 6682
18 95 3689
18 96 5790
18 97 3070
18 98 4419
18 99 5143
18 100 2716
19 1 6116
19 2 1258
19 3 2051
19 4 7172
19 5 2427
19 6 4399
19 7 5651
19 8 7056
19 9 2565
19 10 5691
19 11 2397
19 12 1482
19 13 2235
19 14 4556
19 15 6492
19 16 5840
19 17 5770
19 18 3727
19 19 0
19 20 1141
19 21 4739
19 22 3682
19 23 5605
19 24 4744
19 25 2182
19 26 3886
19 27 2939
19 28 1784
19 29 4542
19 30 4979
19 31 4706
19 32 6758
19 33 3869
19 34 7146
19 35 2162
19 36 809
19 37 6310
19 38 1512
19 39 5561
19 40 5504
19 41 4645
19 42 1938
19 43 2177
19 44 2627
19 45 5331
19 46 2399
19 47 4763
19 48 2318
19 49 2298
19 50 5598
19 51 4802
19 52 2972
19 53 4403
19 54 654
19 55 4831
19 56 2084
19 57 1263
19 58 1589
19 59 341
19 60 4172
19 61 1305
19 62 614
19 63 5419
19 64 4086
19 65 668
19 66 4513
19 67 5304
19 68 2386
19 69 6452
19 70 3890
19 71 5410
19 72 5513
19 73 5699
19 74 5174
19 75 2526
19 76 3052
19 77 6171
19 78 2792
19 79 7184
19 80 2393
19 81 5392
19 82 1403
19 83 943
19 84 3625
19 85 4494
19 86 5537
19 87 3895
19 88 4428
19 89 2632
19 90 7657
19 91 4912
19 92 2711
19 93 5098
19 94 4723
19 95 4243
19 96 2653
19 97 5496
19 98 3142
19 99 3945
19 100 1087
20 1 6798
20 2 2399
20 3 3184
20 4 7659
20 5 2906
20 6 4623
20 7 6531
20 8 7579
20 9 3302
20 10 6367
20 11 2791
20 12 857
20 13 2308
20 14 5210
20 15 7117
20 16 6030
20 17 6741
20 18 4868
20 19 1141
20 20 0
20 21 4897
20 22 4821
20 23 6499
20 24 5546
20 25 1907
20 26 4366
20 27 3310
20 28 1714
20 29 4499
20 30 6120
20 31 5455
20 32 7342
20 33 4168
20 34 7749
20 35 3297
20 36 1833
20 37 5994
20 38 1040
20 39 6584
20 40 5613
20 41 5722
20 42 2582
20 43 3177
20 44 3734
20 45 5929
20 46 3287
20 47 5831
20 48 3401
20 49 3415
20 50 6294
20 51 5864
20 52 4108
20 53 5455
20 54 1687
20 55 4504
20 56 3223
20 57 1215
20 58 2099
20 59 1394
20 60 4426
20 61 798
20 62 831
20 63 5817
20 64 5185
20 65 1808
20 66 5109
20 67 5338
20 68 2819
20 69 7284
20 70 4840
20 71 6501
20 72 6543
20 73 6232
20 74 6287
20 75 3667
20 76 3808
20 77 6892
20 78 2733
20 79 7682
20 80 2427
20 81 6049
20 82 1531
20 83 548
20 84 4720
20 85 4531
20 86 6543
20 87 4829
20 88 5569
20 89 2616
20 90 8341
20 91 5973
20 92 2907
20 93 6012
20 94 4555
20 95 4970
20 96 2090
20 97 6477
20 98 3505
20 99 4189
20 100 2204
21 1 3220
21 2 4857
21 3 5406
21 4 3166
21 5 2416
21 6 412
21 7 4128
21 8 3204
21 9 2822
21 10 2906
21 11 2374
21 12 4098
21 13 2596
21 14 2261
21 15 3201
21 16 1133
21 17 4877
21 18 5892
21 19 4739
21 20 4897
21 21 0
21 22 5732
21 23 4195
21 24 3149
21 25 3061
21 26 1487
21 27 1865
21 28 3183
21 29 877
21 30 6801
21 31 2828
21 32 3214
21 33 978
21 34 3622
21 35 5422
21 36 4245
21 37 2635
21 38 3887
21 39 5203
21 40 777
21 41 5206
21 42 2995
21 43 3861
21 44 4655
21 45 2284
21 46 3366
21 47 5177
21 48 4360
21 49 4676
21 50 2962
21 51 5132
21 52 5247
21 53 4804
21 54 4321
21 55 2026
21 56 4997
21 57 3709
21 58 3173
21 59 4487
21 60 654
21 61 4107
21 62 5201
21 63 1388
21 64 5168
21 65 4799
21 66 1958
21 67 746
21 68 2409
21 69 4342
21 70 3775
21 71 5859
21 72 5236
21 73 2181
21 74 6020
21 75 5385
21 76 2725
21 77 3469
21 78 2193
21 79 3220
21 80 2470
21 81 2625
21 82 3432
21 83 5271
21 84 4890
21 85 581
21 86 5029
21 87 3679
21 88 6405
21 89 2288
21 90 4445
21 91 5177
21 92 2036
21 93 4043
21 94 1360
21 95 2571
21 96 3296
21 97 4786
21 98 1680
21 99 830
21 100 5141
22 1 4912
22 2 2426
22 3 1740
22 4 6519
22 5 3768
22 6 5323
22 7 3628
22 8 6288
22 9 3045
22 10 4626
22 11 3960
22 12 4920
22 13 4531
22 14 3989
22 15 5437
22 16 6451
22 17 3205
22 18 170
22 19 3682
22 20 4821
22 21 5732
22 22 0
22 23 3521
22 24 3435
22 25 5014
22 26 4262
22 27 4175
22 28 4567
22 29 6109
22 30 1331
22 31 3663
22 32 5813
22 33 4796
22 34 6055
22 35 1621
22 36 3069
22 37 8189
22 38 4835
22 39 2701
22 40 6426
22 41 1580
22 42 3347
22 43 2146
22 44 1261
22 45 4693
22 46 2518
22 47 1742
22 48 1655
22 49 1481
22 50 4473
22 51 1825
22 52 723
22 53 1668
22 54 3188
22 55 6972
22 56 1597
22 57 4377
22 58 3661
22 59 3442
22 60 5094
22 61 4741
22 62 4164
22 63 5476
22 64 1000
22 65 3018
22 66 4193
22 67 6477
22 68 3870
22 69 4490
22 70 2228
22 71 2068
22 72 2617
22 73 5199
22 74 1681
22 75 1193
22 76 3012
22 77 4790
22 78 5020
22 79 6486
22 80 4662
22 81 4499
22 82 4220
22 83 4557
22 84 936
22 85 5877
22 86 2799
22 87 2322
22 88 791
22 89 4859
22 90 6152
22 91 1920
22 92 4489
22 93 3057
22 94 6535
22 95 3519
22 96 5688
22 97 2931
22 98 4271
22 99 4988
22 100 2694
23 1 1664
23 2 4727
23 3 4586
23 4 3340
23 5 3877
23 6 3911
23 7 121
23 8 3071
23 9 3240
23 10 1600
23 11 4082
23 12 6109
23 13 4850
23 14 1959
23 15 2177
23 16 4295
23 17 743
23 18 3675
23 19 5605
23 20 6499
23 21 4195
23 22 3521
23 23 0
23 24 1130
23 25 5548
23 26 3005
23 27 3820
23 28 5281
23 29 4969
23 30 3826
23 31 1406
23 32 2558
23 33 3691
23 34 2686
23 35 4507
23 36 4796
23 37 6794
23 38 5924
23 39 1276
23 40 4563
23 41 2051
23 42 3971
23 43 3451
23 44 3412
23 45 2064
23 46 3221
23 47 1910
23 48 3504
23 49 3718
23 50 1460
23 51 1822
23 52 3618
23 53 1855
23 54 4950
23 55 6118
23 56 4158
23 57 5475
23 58 4481
23 59 5265
23 60 3804
23 61 5988
23 62 6219
23 63 3155
23 64 2525
23 65 5147
23 66 2257
23 67 4833
23 68 4005
23 69 975
23 70 1742
23 71 2227
23 72 1351
23 73 2467
23 74 2614
23 75 4153
23 76 2751
23 77 1442
23 78 4995
23 79 3283
23 80 4876
23 81 1713
23 82 5169
23 83 6527
23 84 2683
23 85 4651
23 86 1074
23 87 1721
23 88 3733
23 89 4922
23 90 2642
23 91 1775
23 92 4383
23 93 524
23 94 5483
23 95 1821
23 96 6164
23 97 803
23 98 3739
23 99 3875
23 100 5126
24 1 1538
24 2 4032
24 3 4076
24 4 3084
24 5 2803
24 6 2834
24 7 1105
24 8 2859
24 9 2245
24 10 1199
24 11 2999
24 12 5086
24 13 3758
24 14 888
24 15 2038
24 16 3423
24 17 1740
24 18 3604
24 19 4744
24 20 5546
24 21 3149
24 22 3435
24 23 1130
24 24 0
24 25 4459
24 26 1881
24 27 2702
24 28 4220
24 29 3882
24 30 4114
24 31 328
24 32 2400
24 33 2573
24 34 2687
24 35 4020
24 36 3948
24 37 5778
24 38 4891
24 39 2063
24 40 3606
24 41 2320
24 42 2971
24 43 2694
24 44 2924
24 45 1315
24 46 2352
24 47 2238
24 48 2893
24 49 3169
24 50 1052
24 51 2170
24 52 3300
24 53 1968
24 54 4097
24 55 5018
24 56 3617
24 57 4461
24 58 3474
24 59 4402
24 60 2706
24 61 4978
24 62 5356
24 63 2302
24 64 2547
24 65 4367
24 66 1191
24 67 3829
24 68 2928
24 69 1741
24 70 1235
24 71 2819
24 72 2103
24 73 1814
24 74 3079
24 75 3741
24 76 1739
24 77 1498
24 78 3874
24 79 3053
24 80 3774
24 81 1070
24 82 4145
24 83 5633
24 84 2502
24 85 3568
24 86 1883
24 87 1155
24 88 3871
24 89 3808
24 90 2991
24 91 2182
24 92 3268
24 93 893
24 94 4395
24 95 692
24 96 5059
24 97 1636
24 98 2613
24 99 2762
24 100 4431
25 1 5432
25 2 2989
25 3 3803
25 4 6019
25 5 1675
25 6 2838
25 7 5547
25 8 5979
25 9 2404
25 10 5010
25 11 1466
25 12 1061
25 13 700
25 14 3886
25 15 5657
25 16 4189
25 17 5972
25 18 5119
25 19 2182
25 20 1907
25 21 3061
25 22 5014
25 23 5548
25 24 4459
25 25 0
25 26 2866
25 27 1809
25 28 462
25 29 2595
25 30 6334
25 31 4276
25 32 5820
25 33 2474
25 34 6241
25 35 3882
25 36 2173
25 37 4160
25 38 866
25 39 5987
25 40 3741
25 41 5390
25 42 1771
25 43 2910
25 44 3757
25 45 4479
25 46 2710
25 47 5454
25 48 3362
25 49 3547
25 50 4973
25 51 5458
25 52 4311
25 53 5036
25 54 2138
25 55 2669
25 56 3598
25 57 918
25 58 1359
25 59 2098
25 60 2676
25 61 1114
25 62 2424
25 63 4138
25 64 5003
25 65 2593
25 66 3704
25 67 3445
25 68 1544
25 69 6162
25 70 4154
25 71 6191
25 72 5971
25 73 4684
25 74 6112
25 75 4095
25 76 2834
25 77 5583
25 78 867
25 79 6054
25 80 712
25 81 4677
25 82 864
25 83 2368
25 84 4557
25 85 2647
25 86 5891
25 87 4105
25 88 5806
25 89 799
25 90 6931
25 91 5551
25 92 1264
25 93 5137
25 94 2655
25 95 3789
25 96 685
25 97 5751
25 98 1959
25 99 2444
25 100 3059
26 1 2570
26 2 3685
26 3 4108
26 4 3304
26 5 1477
26 6 1092
26 7 2966
26 8 3213
26 9 1517
26 10 2153
26 11 1574
26 12 3713
26 13 2195
26 14 1092
26 15 2798
26 16 2248
26 17 3608
26 18 4425
26 19 3886
26 20 4366
26 21 1487
26 22 4262
26 23 3005
26 24 1881
26 25 2866
26 26 0
26 27 1078
26 28 2761
26 29 2060
26 30 5314
26 31 1602
26 32 2988
26 33 697
26 34 3402
26 35 4106
26 36 3228
26 37 4074
26 38 3499
26 39 3847
26 40 2164
26 41 3741
26 42 1955
26 43 2520
26 44 3239
26 45 1614
26 46 2015
26 47 3722
26 48 2982
26 49 3305
26 50 2131
26 51 3682
26 52 3813
26 53 3337
26 54 3341
26 55 3160
26 56 3670
26 57 3162
26 58 2324
26 59 3578
26 60 896
26 61 3655
26 62 4440
26 63 1547
26 64 3682
26 65 3766
26 66 856
26 67 2232
26 68 1550
26 69 3414
26 70 2300
26 71 4424
26 72 3868
26 73 1866
26 74 4556
26 75 4012
26 76 1287
26 77 2736
26 78 2132
26 79 3323
26 80 2153
26 81 1820
26 82 2838
26 83 4612
26 84 3406
26 85 1764
26 86 3689
26 87 2206
26 88 4922
26 89 2110
26 90 4065
26 91 3735
26 92 1601
26 93 2740
26 94 2562
26 95 1210
26 96 3371
26 97 3469
26 98 907
26 99 895
26 100 4024
27 1 3627
27 2 2996
27 3 3585
27 4 4349
27 5 550
27 6 1488
27 7 3805
27 8 4274
27 9 1129
27 10 3203
27 11 543
27 12 2636
27 13 1123
27 14 2077
27 15 3875
27 16 2920
27 17 4321
27 18 4319
27 19 2939
27 20 3310
27 21 1865
27 22 4175
27 23 3820
27 24 2702
27 25 1809
27 26 1078
27 27 0
27 28 1683
27 29 1972
27 30 5383
27 31 2490
27 32 4065
27 33 933
27 34 4480
27 35 3612
27 36 2386
27 37 4035
27 38 2421
27 39 4435
27 40 2642
27 41 4062
27 42 1130
27 43 2115
27 44 2981
27 45 2687
27 46 1666
27 47 4085
27 48 2637
27 49 2933
27 50 3163
27 51 4067
27 52 3590
27 53 3668
27 54 2471
27 55 2807
27 56 3203
27 57 2098
27 58 1350
27 59 2661
27 60 1249
27 61 2582
27 62 3455
27 63 2516
27 64 3834
27 65 2940
27 66 1898
27 67 2530
27 68 556
27 69 4371
27 70 2664
27 71 4826
27 72 4436
27 73 2938
27 74 4855
27 75 3629
27 76 1309
27 77 3773
27 78 1176
27 79 4373
27 80 1099
27 81 2871
27 82 1779
27 83 3590
27 84 3459
27 85 1791
27 86 4309
27 87 2592
27 88 4919
27 89 1106
27 90 5138
27 91 4144
27 92 567
27 93 3457
27 94 2365
27 95 2015
27 96 2365
27 97 4131
27 98 202
27 99 1037
27 100 3276
28 1 5294
28 2 2529
28 3 3341
28 4 6005
28 5 1418
28 6 2911
28 7 5289
28 8 5944
28 9 2074
28 10 4865
28 11 1237
28 12 958
28 13 599
28 14 3719
28 15 5557
28 16 4316
28 17 5665
28 18 4669
28 19 1784
28 20 1714
28 21 3183
28 22 4567
28 23 5281
28 24 4220
28 25 462
28 26 2761
28 27 1683
28 28 0
28 29 2831
28 30 5891
28 31 4063
28 32 5747
28 33 2476
28 34 6163
28 35 3419
28 36 1713
28 37 4526
28 38 742
28 39 5645
28 40 3906
28 41 5001
28 42 1391
28 43 2483
28 44 3314
28 45 4368
28 46 2322
28 47 5071
28 48 2920
28 49 3095
28 50 4815
28 51 5080
28 52 3860
28 53 4656
28 54 1685
28 55 3047
28 56 3137
28 57 553
28 58 934
28 59 1666
28 60 2721
28 61 932
28 62 2100
28 63 4140
28 64 4591
28 65 2149
28 66 3567
28 67 3647
28 68 1298
28 69 5946
28 70 3813
28 71 5803
28 72 5625
28 73 4618
28 74 5706
28 75 3634
28 76 2537
28 77 5424
28 78 1049
28 79 6034
28 80 712
28 81 4536
28 82 409
28 83 2107
28 84 4139
28 85 2835
28 86 5559
28 87 3772
28 88 5359
28 89 913
28 90 6815
28 91 5176
28 92 1212
28 93 4848
28 94 2960
28 95 3571
28 96 1121
28 97 5433
28 98 1862
28 99 2484
28 100 2610
29 1 4088
29 2 4887
29 3 5535
29 4 3998
29 5 2478
29 6 1059
29 7 4911
29 8 4055
29 9 3080
29 10 3760
29 11 2361
29 12 3656
29 13 2308
29 14 3010
29 15 4078
29 16 1774
29 17 5622
29 18 6260
29 19 4542
29 20 4499
29 21 877
29 22 6109
29 23 4969
29 24 3882
29 25 2595
29 26 2060
29 27 1972
29 28 2831
29 29 0
29 30 7265
29 31 3573
29 32 4087
29 33 1382
29 34 4492
29 35 5569
29 36 4182
29 37 2079
29 38 3460
29 39 5898
29 40 1241
29 41 5780
29 42 3041
29 43 4087
29 44 4945
29 45 3136
29 46 3627
29 47 5770
29 48 4608
29 49 4905
29 50 3806
29 51 5733
29 52 5552
29 53 5375
29 54 4230
29 55 1165
29 56 5168
29 57 3384
29 58 3078
29 59 4339
29 60 1178
29 61 3701
29 62 4927
29 63 2264
29 64 5661
29 65 4723
29 66 2711
29 67 873
29 68 2425
29 69 5184
29 70 4335
29 71 6480
29 72 5923
29 73 3057
29 74 6594
29 75 5601
29 76 3123
29 77 4331
29 78 1781
29 79 4057
29 80 2154
29 81 3467
29 82 3156
29 83 4933
29 84 5333
29 85 320
29 86 5735
29 87 4245
29 88 6829
29 89 1925
29 90 5319
29 91 5790
29 92 1888
29 93 4767
29 94 514
29 95 3249
29 96 2673
29 97 5506
29 98 1846
29 99 1178
29 100 5117
30 1 5421
30 2 3721
30 3 2967
30 4 7096
30 5 5021
30 6 6402
30 7 3946
30 8 6841
30 9 4262
30 10 5220
30 11 5223
30 12 6249
30 13 5831
30 14 4833
30 15 5952
30 16 7398
30 17 3280
30 18 1256
30 19 4979
30 20 6120
30 21 6801
30 22 1331
30 23 3826
30 24 4114
30 25 6334
30 26 5314
30 27 5383
30 28 5891
30 29 7265
30 30 0
30 31 4400
30 32 6337
30 33 5910
30 34 6505
30 35 2849
30 36 4395
30 37 9340
30 38 6165
30 39 2676
30 40 7445
30 41 1816
30 42 4638
30 43 3442
30 44 2577
30 45 5428
30 46 3765
30 47 1933
30 48 2971
30 49 2812
30 50 5063
30 51 2017
30 52 2053
30 53 2146
30 54 4510
30 55 8191
30 56 2904
30 57 5708
30 58 4977
30 59 4755
30 60 6187
30 61 6069
30 62 5430
30 63 6345
30 64 1639
30 65 4312
30 66 5082
30 67 7546
30 68 5130
30 69 4709
30 70 3070
30 71 1733
30 72 2584
30 73 5928
30 74 1265
30 75 2455
30 76 4142
30 77 5240
30 78 6298
30 79 7050
30 80 5955
30 81 5171
30 82 5549
30 83 5826
30 84 1932
30 85 7011
30 86 2845
30 87 3169
30 88 551
30 89 6143
30 90 6426
30 91 2052
30 92 5744
30 93 3483
30 94 7715
30 95 4386
30 96 7012
30 97 3070
30 98 5457
30 99 6110
30 100 3951
31 1 1446
31 2 4074
31 3 4183
31 4 2885
31 5 2646
31 6 2521
31 7 1363
31 8 2676
31 9 2162
31 10 1054
31 11 2830
31 12 4954
31 13 3575
31 14 566
31 15 1905
31 16 3099
31 17 2052
31 18 3833
31 19 4706
31 20 5455
31 21 2828
31 22 3663
31 23 1406
31 24 328
31 25 4276
31 26 1602
31 27 2490
31 28 4063
31 29 3573
31 30 4400
31 31 0
31 32 2246
31 33 2285
31 34 2568
31 35 4136
31 36 3924
31 37 5454
31 38 4754
31 39 2390
31 40 3278
31 41 2621
31 42 2873
31 43 2732
31 44 3057
31 45 1037
31 46 2345
31 47 2546
31 48 2985
31 49 3277
31 50 928
31 51 2481
31 52 3475
31 53 2256
31 54 4069
31 55 4716
31 56 3720
31 57 4338
31 58 3365
31 59 4366
31 60 2402
31 61 4855
31 62 5314
31 63 1983
31 64 2810
31 65 4370
31 66 870
31 67 3503
31 68 2765
31 69 1887
31 70 1436
31 71 3142
31 72 2431
31 73 1543
31 74 3391
31 75 3883
31 76 1659
31 77 1467
31 78 3651
31 79 2861
31 80 3579
31 81 849
31 82 4017
31 83 5573
31 84 2726
31 85 3257
31 86 2209
31 87 1346
31 88 4135
31 89 3595
31 90 2962
31 91 2497
31 92 3057
31 93 1218
31 94 4087
31 95 492
31 96 4856
31 97 1960
31 98 2385
31 99 2469
31 100 4469
32 1 916
32 2 6272
32 3 6427
32 4 787
32 5 4436
32 6 3183
32 7 2437
32 8 513
32 9 4204
32 10 1202
32 11 4556
32 12 6701
32 13 5171
32 14 2215
32 15 385
32 16 2630
32 17 3248
32 18 5980
32 19 6758
32 20 7342
32 21 3214
32 22 5813
32 23 2558
32 24 2400
32 25 5820
32 26 2988
32 27 4065
32 28 5747
32 29 4087
32 30 6337
32 31 2246
32 32 0
32 33 3370
32 34 422
32 35 6381
32 36 6020
32 37 5315
32 38 6487
32 39 3828
32 40 3121
32 41 4525
32 42 4831
32 43 4940
32 44 5302
32 45 1426
32 46 4509
32 47 4404
32 48 5226
32 49 5521
32 50 1348
32 51 4320
32 52 5700
32 53 4241
32 54 6154
32 55 5196
32 56 5963
32 57 6146
32 58 5264
32 59 6429
32 60 3248
32 61 6643
32 62 7344
32 63 1829
32 64 4879
32 65 6509
32 66 2247
32 67 3526
32 68 4523
32 69 1948
32 70 3635
32 71 4785
32 72 3907
32 73 1136
32 74 5162
32 75 6127
32 76 3748
32 77 1116
32 78 5020
32 79 726
32 80 5115
32 81 1417
32 82 5821
32 83 7552
32 84 4889
32 85 3795
32 86 3628
32 87 3555
32 88 6175
32 89 5035
32 90 1237
32 91 4292
32 92 4564
32 93 2854
32 94 4537
32 95 2600
32 96 6254
32 97 3360
32 98 3886
32 99 3451
32 100 6658
33 1 3101
33 2 3895
33 3 4428
33 4 3545
33 5 1475
33 6 574
33 7 3647
33 8 3506
33 9 1845
33 10 2709
33 11 1472
33 12 3431
33 13 1877
33 14 1749
33 15 3244
33 16 1988
33 17 4305
33 18 4953
33 19 3869
33 20 4168
33 21 978
33 22 4796
33 23 3691
33 24 2573
33 25 2474
33 26 697
33 27 933
33 28 2476
33 29 1382
33 30 5910
33 31 2285
33 32 3370
33 33 0
33 34 3792
33 35 4443
33 36 3316
33 37 3434
33 38 3214
33 39 4543
33 40 1744
33 41 4397
33 42 2045
33 43 2884
33 44 3689
33 45 2115
33 46 2391
33 47 4387
33 48 3386
33 49 3700
33 50 2713
33 51 4351
33 52 4286
33 53 3993
33 54 3404
33 55 2463
33 56 4019
33 57 2953
33 58 2281
33 59 3595
33 60 327
33 61 3405
33 62 4371
33 63 1668
33 64 4294
33 65 3869
33 66 1476
33 67 1700
33 68 1490
33 69 4045
33 70 2953
33 71 5099
33 72 4563
33 73 2236
33 74 5212
33 75 4409
33 76 1784
33 77 3299
33 78 1651
33 79 3579
33 80 1790
33 81 2383
33 82 2649
33 83 4486
33 84 3983
33 85 1104
33 86 4387
33 87 2862
33 88 5491
33 89 1678
33 90 4527
33 91 4409
33 92 1264
33 93 3437
33 94 1874
33 95 1907
33 96 2884
33 97 4167
33 98 734
33 99 204
33 100 4192
34 1 1151
34 2 6626
34 3 6749
34 4 859
34 5 4842
34 6 3602
34 7 2565
34 8 606
34 9 4586
34 10 1513
34 11 4967
34 12 7115
34 13 5589
34 14 2592
34 15 666
34 16 2986
34 17 3331
34 18 6219
34 19 7146
34 20 7749
34 21 3622
34 22 6055
34 23 2686
34 24 2687
34 25 6241
34 26 3402
34 27 4480
34 28 6163
34 29 4492
34 30 6505
34 31 2568
34 32 422
34 33 3792
34 34 0
34 35 6699
34 36 6399
34 37 5655
34 38 6902
34 39 3929
34 40 3494
34 41 4706
34 42 5225
34 43 5288
34 44 5609
34 45 1822
34 46 4870
34 47 4576
34 48 5553
34 49 5842
34 50 1645
34 51 4490
34 52 5982
34 53 4447
34 54 6536
34 55 5591
34 56 6287
34 57 6556
34 58 5665
34 59 6815
34 60 3670
34 61 7055
34 62 7736
34 63 2242
34 64 5099
34 65 6881
34 66 2645
34 67 3906
34 68 4932
34 69 1946
34 70 3915
34 71 4902
34 72 4012
34 73 1557
34 74 5300
34 75 6429
34 76 4120
34 77 1272
34 78 5442
34 79 776
34 80 5534
34 81 1770
34 82 6231
34 83 7951
34 84 5142
34 85 4204
34 86 3733
34 87 3840
34 88 6375
34 89 5456
34 90 865
34 91 4452
34 92 4983
34 93 3040
34 94 4935
34 95 2954
34 96 6676
34 97 3475
34 98 4303
34 99 3873
34 100 7016
35 1 5557
35 2 936
35 3 119
35 4 6983
35 5 3090
35 6 5016
35 7 4590
35 8 6796
35 9 2610
35 10 5188
35 11 3219
35 12 3543
35 13 3567
35 14 4258
35 15 6039
35 16 6348
35 17 4410
35 18 1626
35 19 2162
35 20 3297
35 21 5422
35 22 1621
35 23 4507
35 24 4020
35 25 3882
35 26 4106
35 27 3612
35 28 3419
35 29 5569
35 30 2849
35 31 4136
35 32 6381
35 33 4443
35 34 6699
35 35 0
35 36 1728
35 37 7588
35 38 3501
35 39 4026
35 40 6184
35 41 2944
35 42 2535
35 43 1586
35 44 1106
35 45 5057
35 46 2091
35 47 3094
35 48 1169
35 49 861
35 50 5054
35 51 3159
35 52 1018
35 53 2846
35 54 1803
35 55 6220
35 56 437
35 57 3092
35 58 2645
35 59 1987
35 60 4770
35 61 3358
35 62 2582
35 63 5570
35 64 2316
35 65 1498
35 66 4362
35 67 6127
35 68 3148
35 69 5469
35 70 2835
35 71 3597
35 72 3956
35 73 5532
35 74 3264
35 75 436
35 76 2851
35 77 5511
35 78 4129
35 79 6969
35 80 3722
35 81 4971
35 82 3024
35 83 2978
35 84 1937
35 85 5404
35 86 4069
35 87 2893
35 88 2303
35 89 3955
35 90 6985
35 91 3269
35 92 3732
35 93 3987
35 94 5909
35 95 3813
35 96 4507
35 97 4121
35 98 3769
35 99 4601
35 100 1103
36 1 5347
36 2 816
36 3 1641
36 4 6471
36 5 1840
36 6 3874
36 7 4842
36 8 6340
36 9 1815
36 10 4926
36 11 1872
36 12 1856
36 13 1966
36 14 3807
36 15 5740
36 16 5304
36 17 4966
36 18 3140
36 19 809
36 20 1833
36 21 4245
36 22 3069
36 23 4796
36 24 3948
36 25 2173
36 26 3228
36 27 2386
36 28 1713
36 29 4182
36 30 4395
36 31 3924
36 32 6020
36 33 3316
36 34 6399
36 35 1728
36 36 0
36 37 6090
36 38 1789
36 39 4771
36 40 5021
36 41 3889
36 42 1283
36 43 1373
36 44 1914
36 45 4597
36 46 1597
36 47 3999
36 48 1569
36 49 1610
36 50 4827
36 51 4033
36 52 2345
36 53 3627
36 54 155
36 55 4655
36 56 1510
36 57 1364
36 58 1103
36 59 471
36 60 3635
36 61 1675
36 62 1422
36 63 4775
36 64 3355
36 65 554
36 66 3789
36 67 4871
36 68 1835
36 69 5647
36 70 3082
36 71 4668
36 72 4726
36 73 4988
36 74 4463
36 75 2000
36 76 2284
36 77 5391
36 78 2548
36 79 6478
36 80 2129
36 81 4636
36 82 1308
36 83 1743
36 84 2889
36 85 4082
36 86 4741
36 87 3086
36 88 3846
36 89 2374
36 90 6883
36 91 4142
36 92 2295
36 93 4289
36 94 4440
36 95 3471
36 96 2781
36 97 4693
36 98 2581
36 99 3422
36 100 942
37 1 5614
37 2 6846
37 3 7544
37 4 4934
37 5 4513
37 6 2991
37 7 6719
37 8 5095
37 9 5154
37 10 5381
37 11 4369
37 12 5142
37 13 4129
37 14 4890
37 15 5439
37 16 2692
37 17 7495
37 18 8339
37 19 6310
37 20 5994
37 21 2635
37 22 8189
37 23 6794
37 24 5778
37 25 4160
37 26 4074
37 27 4035
37 28 4526
37 29 2079
37 30 9340
37 31 5454
37 32 5315
37 33 3434
37 34 5655
37 35 7588
37 36 6090
37 37 0
37 38 4987
37 39 7837
37 40 2270
37 41 7816
37 42 5053
37 43 6148
37 44 7016
37 45 4788
37 46 5699
37 47 7795
37 48 6671
37 49 6961
37 50 5467
37 51 7753
37 52 7624
37 53 7412
37 54 6112
37 55 1493
37 56 7201
37 57 5063
37 58 5003
37 59 6165
37 60 3179
37 61 5242
37 62 6584
37 63 3725
37 64 7728
37 65 6604
37 66 4587
37 67 1961
37 68 4444
37 69 6821
37 70 6374
37 71 8488
37 72 7870
37 73 4538
37 74 8631
37 75 7649
37 76 5200
37 77 5889
37 78 3548
37 79 5013
37 80 3966
37 81 5146
37 82 4912
37 83 6499
37 84 7409
37 85 2330
37 86 7661
37 87 6281
37 88 8908
37 89 3720
37 90 6520
37 91 7802
37 92 3856
37 93 6672
37 94 1680
37 95 5205
37 96 3919
37 97 7414
37 98 3921
37 99 3232
37 100 7032
38 1 6017
38 2 2566
38 3 3405
38 4 6747
38 5 2114
38 6 3634
38 7 5939
38 8 6686
38 9 2685
38 10 5587
38 11 1952
38 12 216
38 13 1337
38 14 4435
38 15 6291
38 16 5020
38 17 6261
38 18 4916
38 19 1512
