set N := 1 2 3 4 5 6 7 8 9 10 11 12 13 14 15 16 17 18 19 20 21 22 23 24 25 26 27 28 29 30 31 32 33 34 35 36 37 38 39 40 41 42 43 44 45 46 47 48 49 50 51 52 53 54 55 56 57 58 59 60 61 62 63 64 65 66 67 68 69 70 71 72 73 74 75 76 77 78 79 80 81 82 83 84 85 86 87 88 89 90 91 92 93 94 95 96 97 98 99 100 ;
set M := 1 2 3 4 5 6 7 8 9 10 11 12 13 14 15 16 17 18 19 20 21 22 23 24 25 26 27 28 29 30 31 32 33 34 35 36 37 38 39 40 41 42 43 44 45 46 47 48 49 50 51 52 53 54 55 56 57 58 59 60 61 62 63 64 65 66 67 68 69 70 71 72 73 74 75 76 77 78 79 80 81 82 83 84 85 86 87 88 89 90 91 92 93 94 95 96 97 98 99 100 ;
param d :=
1 1 0
1 2 953
1 3 7021
1 4 5331
1 5 1768
1 6 506
1 7 4925
1 8 1589
1 9 5747
1 10 2833
1 11 2413
1 12 2257
1 13 3024
1 14 1860
1 15 5817
1 16 5522
1 17 6483
1 18 7724
1 19 3313
1 20 4060
1 21 4327
1 22 7798
1 23 3437
1 24 4325
1 25 6053
1 26 1011
1 27 5639
1 28 2489
1 29 4885
1 30 4654
1 31 2318
1 32 6961
1 33 2939
1 34 610
1 35 4120
1 36 1691
1 37 5154
1 38 5366
1 39 2878
1 40 7002
1 41 5422
1 42 7030
1 43 4102
1 44 2727
1 45 3282
1 46 7637
1 47 2984
1 48 2725
1 49 6754
1 50 1103
1 51 3638
1 52 5771
1 53 7500
1 54 6597
1 55 5498
1 56 3515
1 57 4382
1 58 4457
1 59 2221
1 60 6279
1 61 1801
1 62 4106
1 63 4405
1 64 4411
1 65 3141
1 66 3930
1 67 5830
1 68 6316
1 69 3885
1 70 2107
1 71 4344
1 72 5606
1 73 6265
1 74 2432
1 75 1607
1 76 7889
1 77 2098
1 78 5870
1 79 3061
1 80 3863
1 81 3307
1 82 2578
1 83 1941
1 84 2135
1 85 4047
1 86 4246
1 87 7019
1 88 4047
1 89 4864
1 90 4217
1 91 2385
1 92 2240
1 93 5882
1 94 2025
1 95 5305
1 96 4284
1 97 5153
1 98 6040
1 99 1427
1 100 5442
2 1 953
2 2 0
2 3 6129
2 4 4378
2 5 1226
2 6 753
2 7 3976
2 8 1601
2 9 5065
2 10 1956
2 11 1489
2 12 1662
2 13 2170
2 14 911
2 15 4926
2 16 4583
2 17 5769
2 18 6893
2 19 2362
2 20 3213
2 21 4106
2 22 7028
2 23 2623
2 24 3955
2 25 5100
2 26 903
2 27 4688
2 28 2110
2 29 4545
2 30 3891
2 31 1383
2 32 6129
2 33 2009
2 34 1195
2 35 3727
2 36 740
2 37 4665
2 38 4439
2 39 2377
2 40 6178
2 41 4492
2 42 6297
2 43 3158
2 44 2303
2 45 2346
2 46 6895
2 47 2103
2 48 1788
2 49 6126
2 50 797
2 51 2691
2 52 4827
2 53 6667
2 54 5971
2 55 4578
2 56 3175
2 57 3537
2 58 4238
2 59 1341
2 60 5430
2 61 1575
2 62 3662
2 63 3914
2 64 3609
2 65 3257
2 66 3239
2 67 4881
2 68 5517
2 69 3016
2 70 1454
2 71 3545
2 72 4655
2 73 5462
2 74 1479
2 75 1681
2 76 7076
2 77 2052
2 78 4917
2 79 2348
2 80 3012
2 81 2803
2 82 1624
2 83 1289
2 84 1950
2 85 3172
2 86 3955
2 87 6103
2 88 3953
2 89 4942
2 90 3264
2 91 1610
2 92 1655
2 93 4973
2 94 1621
2 95 4495
2 96 3343
2 97 4537
2 98 5290
2 99 1003
2 100 4869
3 1 7021
3 2 6129
3 3 0
3 4 2764
3 5 6341
3 6 6600
3 7 2539
3 8 6224
3 9 2710
3 10 4188
3 11 4644
3 12 4999
3 13 5150
3 14 5365
3 15 1204
3 16 1849
3 17 2334
3 18 1282
3 19 3941
3 20 4924
3 21 5471
3 22 2059
3 23 3645
3 24 4779
3 25 2167
3 26 6225
3 27 2846
3 28 5245
3 29 4927
3 30 2748
3 31 4759
3 32 981
3 33 4695
3 34 7314
3 35 4703
3 36 5421
3 37 4094
3 38 3711
3 39 4776
3 40 1101
3 41 1795
3 42 2198
3 43 3133
3 44 5036
3 45 3829
3 46 2299
3 47 5014
3 48 4788
3 49 3158
3 50 6045
3 51 4016
3 52 1801
3 53 1124
3 54 3150
3 55 3864
3 56 5025
3 57 2689
3 58 5492
3 59 4802
3 60 1002
3 61 5800
3 62 4480
3 63 4198
3 64 2784
3 65 6594
3 66 3558
3 67 1952
3 68 1493
3 69 3141
3 70 6084
3 71 2856
3 72 2197
3 73 1478
3 74 4765
3 75 6324
3 76 1611
3 77 6059
3 78 2352
3 79 5805
3 80 4933
3 81 4545
3 82 4667
3 83 5185
3 84 5768
3 85 4695
3 86 5146
3 87 499
3 88 5990
3 89 7034
3 90 3237
3 91 4680
3 92 6246
3 93 4070
3 94 5429
3 95 2005
3 96 3770
3 97 3315
3 98 2060
3 99 6517
3 100 3541
4 1 5331
4 2 4378
4 3 2764
4 4 0
4 5 4134
4 6 5044
4 7 715
4 8 5146
4 9 4016
4 10 2852
4 11 3021
4 12 3973
4 13 2720
4 14 3475
4 15 2042
4 16 1022
4 17 4181
4 18 4001
4 19 2046
4 20 2225
4 21 5720
4 22 4633
4 23 2828
4 24 5087
4 25 800
4 26 4840
4 27 373
4 28 4508
4 29 5513
4 30 3041
4 31 3078
4 32 3425
4 33 2471
4 34 5428
4 35 4899
4 36 3646
4 37 4914
4 38 1007
4 39 4183
4 40 3541
4 41 1220
4 42 4388
4 43 1408
4 44 4408
4 45 2194
4 46 4751
4 47 2636
4 48 2652
4 49 4994
4 50 4638
4 51 1722
4 52 966
4 53 3806
4 54 4906
4 55 1201
4 56 4880
4 57 2369
4 58 5800
4 59 3305
4 60 2808
4 61 4767
4 62 4668
4 63 4565
4 64 2718
4 65 6177
4 66 3425
4 67 821
4 68 3342
4 69 2295
4 70 3802
4 71 2749
4 72 567
4 73 3281
4 74 2904
4 75 5262
4 76 4313
4 77 5214
4 78 580
4 79 3271
4 80 2275
4 81 4209
4 82 2754
4 83 3951
4 84 4916
4 85 2015
4 86 5388
4 87 2436
4 88 6046
4 89 7247
4 90 1151
4 91 3465
4 92 3901
4 93 1544
4 94 4431
4 95 2784
4 96 1188
4 97 4177
4 98 3632
4 99 4400
4 100 4580
5 1 1768
5 2 1226
5 3 6341
5 4 4134
5 5 0
5 6 1866
5 7 3924
5 8 2828
5 9 5781
5 10 2489
5 11 1937
5 12 2679
5 13 1475
5 14 1158
5 15 5179
5 16 4606
5 17 6415
5 18 7277
5 19 2400
5 20 2429
5 21 5246
5 22 7547
5 23 3233
5 24 5015
5 25 4921
5 26 2127
5 27 4376
5 28 3233
5 29 5612
5 30 4517
5 31 1803
5 32 6526
5 33 1688
5 34 1513
5 35 4778
5 36 1297
5 37 5616
5 38 3917
5 39 3409
5 40 6596
5 41 4579
5 42 6900
5 43 3212
5 44 3391
5 45 2558
5 46 7471
5 47 1513
5 48 1559
5 49 6891
5 50 2022
5 51 2435
5 52 4796
5 53 7049
5 54 6742
5 55 4009
5 56 4276
5 57 4000
5 58 5376
5 59 1993
5 60 5801
5 61 2778
5 62 4678
5 63 4885
5 64 4170
5 65 4483
5 66 4016
5 67 4792
5 68 6007
5 69 3448
5 70 377
5 71 4118
5 72 4535
5 73 5946
5 74 1648
5 75 2906
5 76 7502
5 77 3272
5 78 4711
5 79 1315
5 80 2246
5 81 3807
5 82 1706
5 83 2307
5 84 3149
5 85 2473
5 86 5063
5 87 6219
5 88 5141
5 89 6160
5 90 3175
5 91 2424
5 92 472
5 93 4346
5 94 2764
5 95 4995
5 96 2967
5 97 5356
5 98 5885
5 99 352
5 100 5730
6 1 506
6 2 753
6 3 6600
6 4 5044
6 5 1866
6 6 0
6 7 4592
6 8 1133
6 9 5250
6 10 2422
6 11 2055
6 12 1761
6 13 2924
6 14 1631
6 15 5397
6 16 5160
6 17 5991
6 18 7265
6 19 3002
6 20 3967
6 21 3850
6 22 7317
6 23 2984
6 24 3826
6 25 5738
6 26 505
6 27 5367
6 28 1984
6 29 4390
6 30 4176
6 31 1977
6 32 6503
6 33 2740
6 34 1077
6 35 3618
6 36 1413
6 37 4648
6 38 5164
6 39 2371
6 40 6540
6 41 5046
6 42 6540
6 43 3759
6 44 2221
6 45 2928
6 46 7149
6 47 2855
6 48 2515
6 49 6251
6 50 603
6 51 3392
6 52 5420
6 53 7042
6 54 6093
6 55 5310
6 56 3016
6 57 3938
6 58 3981
6 59 1825
6 60 5831
6 61 1303
6 62 3601
6 63 3898
6 64 3948
6 65 2751
6 66 3439
6 67 5493
6 68 5847
6 69 3459
6 70 2151
6 71 3879
6 72 5280
6 73 5797
6 74 2145
6 75 1171
6 76 7421
6 77 1640
6 78 5565
6 79 3077
6 80 3766
6 81 2800
6 82 2300
6 83 1462
6 84 1648
6 85 3924
6 86 3757
6 87 6619
6 88 3597
6 89 4471
6 90 3908
6 91 1931
6 92 2327
6 93 5711
6 94 1518
6 95 4842
6 96 4054
6 97 4650
6 98 5556
6 99 1566
6 100 4936
7 1 4925
7 2 3976
7 3 2539
7 4 715
7 5 3924
7 6 4592
7 7 0
7 8 4576
7 9 3364
7 10 2276
7 11 2537
7 12 3369
7 13 2631
7 14 3105
7 15 1574
7 16 700
7 17 3601
7 18 3681
7 19 1617
7 20 2417
7 21 5009
7 22 4214
7 23 2153
7 24 4372
7 25 1165
7 26 4337
7 27 1078
7 28 3868
7 29 4797
7 30 2335
7 31 2616
7 32 3025
7 33 2237
7 34 5092
7 35 4186
7 36 3236
7 37 4206
7 38 1616
7 39 3517
7 40 3130
7 41 761
7 42 3867
7 43 835
7 44 3751
7 45 1668
7 46 4286
7 47 2507
7 48 2373
7 49 4385
7 50 4136
7 51 1510
7 52 872
7 53 3468
7 54 4287
7 55 1828
7 56 4183
7 57 1654
7 58 5088
7 59 2792
7 60 2344
7 61 4182
7 62 3954
7 63 3850
7 64 2004
7 65 5518
7 66 2712
7 67 904
7 68 2815
7 69 1600
7 70 3629
7 71 2034
7 72 692
7 73 2752
7 74 2504
7 75 4691
7 76 3970
7 77 4603
7 78 1030
7 79 3270
7 80 2407
7 81 3518
7 82 2370
7 83 3391
7 84 4301
7 85 2181
7 86 4676
7 87 2327
7 88 5346
7 89 6544
7 90 749
7 91 2886
7 92 3767
7 93 2215
7 94 3833
7 95 2138
7 96 1244
7 97 3481
7 98 3035
7 99 4148
7 100 3889
8 1 1589
8 2 1601
8 3 6224
8 4 5146
8 5 2828
8 6 1133
8 7 4576
8 8 0
8 9 4486
8 10 2301
8 11 2183
8 12 1243
8 13 3546
8 14 2170
8 15 5054
8 16 5034
8 17 5255
8 18 6712
8 19 3148
8 20 4545
8 21 2740
8 22 6644
8 23 2606
8 24 2791
8 25 5742
8 26 709
8 27 5501
8 28 1080
8 29 3328
8 30 3586
8 31 2172
8 32 5969
8 33 3184
8 34 2194
8 35 2604
8 36 1900
8 37 3686
8 38 5476
8 39 1554
8 40 5986
8 41 4874
8 42 5821
8 43 3756
8 44 1331
8 45 2952
8 46 6433
8 47 3430
8 48 2959
8 49 5397
8 50 811
8 51 3677
8 52 5321
8 53 6499
8 54 5240
8 55 5651
8 56 1983
8 57 3542
8 58 2870
8 59 1873
8 60 5355
8 61 423
8 62 2629
8 63 2958
8 64 3452
8 65 1658
8 66 2777
8 67 5437
8 68 5261
8 69 3168
8 70 3037
8 71 3380
8 72 5264
8 73 5219
8 74 2459
8 75 116
8 76 6827
8 77 509
8 78 5601
8 79 3873
8 80 4347
8 81 1937
8 82 2615
8 83 1194
8 84 596
8 85 4449
8 86 2677
8 87 6326
8 88 2465
8 89 3362
8 90 3999
8 91 1690
8 92 3249
8 93 6080
8 94 794
8 95 4314
8 96 4342
8 97 3819
8 98 4889
8 99 2585
8 100 4048
9 1 5747
9 2 5065
9 3 2710
9 4 4016
9 5 5781
9 6 5250
9 7 3364
9 8 4486
9 9 0
9 10 3293
9 11 3844
9 12 3490
9 13 5137
9 14 4626
9 15 2186
9 16 3084
9 17 776
9 18 2512
9 19 3722
9 20 5455
9 21 2907
9 22 2203
9 23 2548
9 24 2257
9 25 3931
9 26 4771
9 27 4314
9 28 3406
9 29 2268
9 30 1294
9 31 3978
9 32 1934
9 33 4533
9 34 6216
9 35 2259
9 36 4542
9 37 1414
9 38 4980
9 39 2938
9 40 1882
9 41 2843
9 42 1346
9 43 3273
9 44 3156
9 45 3414
9 46 1954
9 47 4958
9 48 4493
9 49 1129
9 50 4647
9 51 4177
9 52 3311
9 53 2348
9 54 994
9 55 5190
9 56 2759
9 57 1975
9 58 2901
9 59 3817
9 60 1744
9 61 4100
9 62 2086
9 63 1739
9 64 1685
9 65 4299
9 66 1827
9 67 3538
9 68 1228
9 69 2466
9 70 5669
9 71 1718
9 72 3614
9 73 1234
9 74 4172
9 75 4557
9 76 2514
9 77 4150
9 78 3984
9 79 5831
9 80 5363
9 81 2552
9 82 4163
9 83 3819
9 84 3915
9 85 5220
9 86 2617
9 87 3106
9 88 3478
9 89 4406
9 90 3611
9 91 3459
9 92 5893
9 93 5560
9 94 3779
9 95 1231
9 96 4371
9 97 738
9 98 656
9 99 5811
9 100 837
10 1 2833
10 2 1956
10 3 4188
10 4 2852
10 5 2489
10 6 2422
10 7 2276
10 8 2301
10 9 3293
10 10 0
10 11 552
10 12 1129
10 13 2062
10 14 1341
10 15 2984
10 16 2772
10 17 3931
10 18 4941
10 19 967
10 20 2774
10 21 3383
10 22 5114
10 23 744
10 24 2927
10 25 3442
10 26 2096
10 27 3213
10 28 1721
10 29 3498
10 30 2031
10 31 685
10 32 4177
10 33 1467
10 34 3151
10 35 2690
10 36 1300
10 37 3287
10 38 3289
10 39 1519
10 40 4230
10 41 2638
10 42 4428
10 43 1454
10 44 1684
10 45 681
10 46 5010
10 47 1885
10 48 1337
10 49 4408
10 50 1902
10 51 1584
10 52 3048
10 53 4714
10 54 4262
10 55 3482
10 56 2396
10 57 1586
10 58 3496
10 59 616
10 60 3474
10 61 1915
10 62 2518
10 63 2621
10 64 1698
10 65 3409
10 66 1576
10 67 3149
10 68 3586
10 69 1060
10 70 2383
10 71 1642
10 72 2966
10 73 3529
10 74 900
10 75 2417
10 76 5131
10 77 2368
10 78 3299
10 79 2696
10 80 2608
10 81 1740
10 82 934
10 83 1114
10 84 2076
10 85 2597
10 86 3105
10 87 4196
10 88 3529
10 89 4722
10 90 1717
10 91 613
10 92 2613
10 93 3923
10 94 1580
10 95 2562
10 96 2185
10 97 2908
10 98 3412
10 99 2541
10 100 3304
11 1 2413
11 2 1489
11 3 4644
11 4 3021
11 5 1937
11 6 2055
11 7 2537
11 8 2183
11 9 3844
11 10 552
11 11 0
11 12 1218
11 13 1660
11 14 791
11 15 3443
11 16 3111
11 17 4482
11 18 5452
11 19 980
11 20 2508
11 21 3724
11 22 5653
11 23 1296
11 24 3335
11 25 3689
11 26 1818
11 27 3362
11 28 1873
11 29 3921
11 30 2583
11 31 133
11 32 4690
11 33 1125
11 34 2669
11 35 3094
11 36 781
11 37 3781
11 38 3292
11 39 1808
11 40 4748
11 41 3009
11 42 4976
11 43 1704
11 44 1909
11 45 873
11 46 5556
11 47 1495
11 48 939
11 49 4957
11 50 1616
11 51 1496
11 52 3366
11 53 5225
11 54 4810
11 55 3468
11 56 2720
11 57 2111
11 58 3844
11 59 314
11 60 3979
11 61 1857
11 62 2945
11 63 3087
11 64 2245
11 65 3513
11 66 2104
11 67 3437
11 68 4119
11 69 1567
11 70 1842
11 71 2191
11 72 3227
11 73 4061
11 74 414
11 75 2299
11 76 5653
11 77 2368
11 78 3523
11 79 2238
11 80 2324
11 81 2113
11 82 517
11 83 1024
11 84 2104
11 85 2366
11 86 3472
11 87 4615
11 88 3795
11 89 4958
11 90 1872
11 91 715
11 92 2075
11 93 3899
11 94 1589
11 95 3097
11 96 2158
11 97 3443
11 98 3961
11 99 1994
11 100 3831
12 1 2257
12 2 1662
12 3 4999
12 4 3973
12 5 2679
12 6 1761
12 7 3369
12 8 1243
12 9 3490
12 10 1129
12 11 1218
12 12 0
12 13 2843
12 14 1629
12 15 3819
12 16 3798
12 17 4229
12 18 5555
12 19 2066
12 20 3726
12 21 2602
12 22 5565
12 23 1364
12 24 2336
12 25 4529
12 26 1296
12 27 4337
12 28 656
12 29 2933
12 30 2437
12 31 1273
12 32 4800
12 33 2341
12 34 2744
12 35 2100
12 36 1408
12 37 3003
12 38 4408
12 39 731
12 40 4828
12 41 3633
12 42 4780
12 43 2567
12 44 734
12 45 1809
12 46 5389
12 47 2689
12 48 2144
12 49 4507
12 50 1158
12 51 2657
12 52 4088
12 53 5336
12 54 4351
12 55 4597
12 56 1609
12 57 2310
12 58 2729
12 59 925
12 60 4158
12 61 827
12 62 2012
12 63 2253
12 64 2252
12 65 2309
12 66 1678
12 67 4212
12 68 4118
12 69 1924
12 70 2735
12 71 2180
12 72 4049
12 73 4071
12 74 1605
12 75 1352
12 76 5694
12 77 1241
12 78 4399
12 79 3350
12 80 3541
12 81 1145
12 82 1730
12 83 378
12 84 947
12 85 3582
12 86 2393
12 87 5087
12 88 2603
12 89 3748
12 90 2844
12 91 536
12 92 2975
12 93 5036
12 94 464
12 95 3135
12 96 3291
12 97 2908
12 98 3802
12 99 2578
12 100 3220
13 1 3024
13 2 2170
13 3 5150
13 4 2720
13 5 1475
13 6 2924
13 7 2631
13 8 3546
13 9 5137
13 10 2062
13 11 1660
13 12 2843
13 13 0
13 14 1377
13 15 4063
13 16 3331
13 17 5653
13 18 6208
13 19 1418
13 20 1043
13 21 5384
13 22 6606
13 23 2709
13 24 4977
13 25 3519
13 26 2960
13 27 2931
13 28 3498
13 29 5555
13 30 3844
13 31 1578
13 32 5491
13 33 612
13 34 2928
13 35 4738
13 36 1646
13 37 5334
13 38 2443
13 39 3468
13 40 5578
13 41 3355
13 42 6069
13 43 2072
13 44 3559
13 45 1725
13 46 6592
13 47 180
13 48 729
13 49 6266
13 50 2784
13 51 1134
13 52 3477
13 53 5985
13 54 6131
13 55 2539
13 56 4380
13 57 3185
13 58 5504
13 59 1922
13 60 4766
13 61 3324
13 62 4575
13 63 4683
13 64 3451
13 65 5064
13 66 3595
13 67 3438
13 68 5084
13 69 2670
13 70 1111
13 71 3420
13 72 3172
13 73 5020
13 74 1248
13 75 3651
13 76 6468
13 77 3859
13 78 3301
13 79 701
13 80 843
13 81 3765
13 82 1151
13 83 2569
13 84 3638
13 85 1026
13 86 5128
13 87 4959
13 88 5443
13 89 6590
13 90 1913
13 91 2372
13 92 1183
13 93 2890
13 94 3142
13 95 4136
13 96 1533
13 97 4881
13 98 5086
13 99 1790
13 100 5295
14 1 1860
14 2 911
14 3 5365
14 4 3475
14 5 1158
14 6 1631
14 7 3105
14 8 2170
14 9 4626
14 10 1341
14 11 791
14 12 1629
14 13 1377
14 14 0
14 15 4174
14 16 3738
14 17 5272
14 18 6220
14 19 1489
14 20 2395
14 21 4232
14 22 6440
14 23 2082
14 24 3932
14 25 4209
14 26 1593
14 27 3779
14 28 2249
14 29 4528
14 30 3372
14 31 658
14 32 5461
14 33 1108
14 34 1988
14 35 3692
14 36 270
14 37 4479
14 38 3534
14 39 2336
14 40 5522
14 41 3668
14 42 5768
14 43 2306
14 44 2363
14 45 1537
14 46 6347
14 47 1271
14 48 883
14 49 5733
14 50 1410
14 51 1779
14 52 3968
14 53 5992
14 54 5584
14 55 3678
14 56 3236
14 57 2893
14 58 4359
14 59 840
14 60 4744
14 61 1970
14 62 3573
14 63 3758
14 64 3036
14 65 3722
14 66 2858
14 67 4007
14 68 4904
14 69 2345
14 70 1124
14 71 2982
14 72 3773
14 73 4845
14 74 607
14 75 2274
14 76 6429
14 77 2504
14 78 4021
14 79 1754
14 80 2194
14 81 2708
14 82 734
14 83 1290
14 84 2304
14 85 2323
14 86 4017
14 87 5299
14 88 4206
14 89 5307
14 90 2377
14 91 1290
14 92 1365
14 93 4081
14 94 1834
14 95 3884
14 96 2431
14 97 4198
14 98 4752
14 99 1204
14 100 4575
15 1 5817
15 2 4926
15 3 1204
15 4 2042
15 5 5179
15 6 5397
15 7 1574
15 8 5054
15 9 2186
15 10 2984
15 11 3443
15 12 3819
15 13 4063
15 14 4174
15 15 0
15 16 1021
15 17 2180
15 18 2146
15 19 2781
15 20 3983
15 21 4589
15 22 2640
15 23 2457
15 24 3895
15 25 1772
15 26 5029
15 27 2264
15 28 4108
15 29 4154
15 30 1728
15 31 3560
15 32 1456
15 33 3566
15 34 6113
15 35 3778
15 36 4222
15 37 3390
15 38 3049
15 39 3652
15 40 1558
15 41 835
15 42 2347
15 43 2000
15 44 3912
15 45 2642
15 46 2723
15 47 3914
15 48 3638
15 49 3022
15 50 4847
15 51 2933
15 52 1173
15 53 1925
15 54 2955
15 55 3240
15 56 4010
15 57 1512
15 58 4631
15 59 3598
15 60 775
15 61 4630
15 62 3544
15 63 3311
15 64 1663
15 65 5546
15 66 2481
15 67 1399
15 68 1306
15 69 1939
15 70 4939
15 71 1732
15 72 1536
15 73 1247
15 74 3579
15 75 5157
15 76 2417
15 77 4919
15 78 1859
15 79 4741
15 80 3959
15 81 3466
15 82 3488
15 83 3990
15 84 4622
15 85 3744
15 86 4252
15 87 1281
15 88 5059
15 89 6174
15 90 2170
15 91 3482
15 92 5113
15 93 3550
15 94 4259
15 95 1081
15 96 2808
15 97 2587
15 98 1672
15 99 5339
15 100 2916
16 1 5522
16 2 4583
16 3 1849
16 4 1022
16 5 4606
16 6 5160
16 7 700
16 8 5034
16 9 3084
16 10 2772
16 11 3111
16 12 3798
16 13 3331
16 14 3738
16 15 1021
16 16 0
16 17 3181
16 18 3029
16 19 2252
16 20 3079
16 21 5115
16 22 3621
16 23 2481
16 24 4444
16 25 893
16 26 4866
16 27 1252
16 28 4227
16 29 4800
16 30 2280
16 31 3204
16 32 2416
16 33 2924
16 34 5725
16 35 4284
16 36 3846
16 37 4120
16 38 2029
16 39 3827
16 40 2529
16 41 247
16 42 3368
16 43 1431
16 44 4077
16 45 2240
16 46 3731
16 47 3206
16 48 3048
16 49 4008
16 50 4670
16 51 2207
16 52 301
16 53 2824
16 54 3929
16 55 2219
16 56 4381
16 57 1738
16 58 5179
16 59 3337
16 60 1786
16 61 4625
16 62 4047
16 63 3884
16 64 2040
16 65 5816
16 66 2843
16 67 494
16 68 2325
16 69 1900
16 70 4319
16 71 2090
16 72 532
16 73 2265
16 74 3131
16 75 5146
16 76 3330
16 77 5002
16 78 904
16 79 3969
16 80 3084
16 81 3752
16 82 3008
16 83 3875
16 84 4698
16 85 2848
16 86 4776
16 87 1628
16 88 5513
16 89 6686
16 90 1436
16 91 3358
16 92 4462
16 93 2534
16 94 4262
16 95 1867
16 96 1920
16 97 3344
16 98 2646
16 99 4818
16 100 3722
17 1 6483
17 2 5769
17 3 2334
17 4 4181
17 5 6415
17 6 5991
17 7 3601
17 8 5255
17 9 776
17 10 3931
17 11 4482
17 12 4229
17 13 5653
17 14 5272
17 15 2180
17 16 3181
17 17 0
17 18 1841
17 19 4238
17 20 5857
17 21 3615
17 22 1431
17 23 3192
17 24 2992
17 25 3946
17 26 5519
17 27 4433
17 28 4176
17 29 2927
17 30 1900
17 31 4616
17 32 1411
17 33 5065
17 34 6935
17 35 3015
17 36 5210
17 37 2078
17 38 5180
17 39 3704
17 40 1323
17 41 2963
17 42 569
17 43 3679
17 44 3926
17 45 3958
17 46 1178
17 47 5480
17 48 5051
17 49 856
17 50 5388
17 51 4626
17 52 3354
17 53 1712
17 54 821
17 55 5381
17 56 3531
17 57 2471
17 58 3595
17 59 4487
17 60 1520
17 61 4864
17 62 2852
17 63 2501
17 64 2249
17 65 5060
17 66 2553
17 67 3579
17 68 912
17 69 3008
17 70 6276
17 71 2297
17 72 3708
17 73 957
17 74 4780
17 75 5328
17 76 1791
17 77 4926
17 78 4040
17 79 6354
17 80 5787
17 81 3324
17 82 4754
17 83 4546
17 84 4688
17 85 5618
17 86 3343
17 87 2794
17 88 4199
17 89 5058
17 90 3981
17 91 4158
17 92 6492
17 93 5714
17 94 4537
17 95 1535
17 96 4723
17 97 1503
17 98 577
17 99 6470
17 100 1492
18 1 7724
18 2 6893
18 3 1282
18 4 4001
18 5 7277
18 6 7265
18 7 3681
18 8 6712
18 9 2512
18 10 4941
18 11 5452
18 12 5555
18 13 6208
18 14 6220
18 15 2146
18 16 3029
18 17 1841
18 18 0
18 19 4897
18 20 6098
18 21 5419
18 22 878
18 23 4287
18 24 4766
18 25 3445
18 26 6840
18 27 4112
18 28 5662
18 29 4757
18 30 3127
18 31 5578
18 32 764
18 33 5700
18 34 8089
18 35 4754
18 36 6231
18 37 3902
18 38 4972
18 39 5178
18 40 727
18 41 2919
18 42 1421
18 43 4140
18 44 5426
18 45 4719
18 46 1215
18 47 6057
18 48 5759
18 49 2467
18 50 6679
18 51 5080
18 52 3036
18 53 227
18 54 2520
18 55 5132
18 56 5203
18 57 3355
18 58 5409
18 59 5553
18 60 1477
18 61 6297
18 62 4564
18 63 4230
18 64 3317
18 65 6773
18 66 3937
18 67 3206
18 68 1454
18 69 3886
18 70 7057
18 71 3386
18 72 3437
18 73 1494
18 74 5646
18 75 6800
18 76 332
18 77 6460
18 78 3623
18 79 6888
18 80 6087
18 81 4862
18 82 5572
18 83 5807
18 84 6191
18 85 5862
18 86 5128
18 87 1742
18 88 5990
18 89 6893
18 90 4315
18 91 5339
18 92 7240
18 93 5350
18 94 5939
18 95 2424
18 96 4926
18 97 3239
18 98 1914
18 99 7411
18 100 3314
19 1 3313
19 2 2362
19 3 3941
19 4 2046
19 5 2400
19 6 3002
19 7 1617
19 8 3148
19 9 3722
19 10 967
19 11 980
19 12 2066
19 13 1418
19 14 1489
19 15 2781
19 16 2252
19 17 4238
19 18 4897
19 19 0
19 20 1885
19 21 4308
19 22 5232
19 23 1393
19 24 3802
19 25 2740
19 26 2797
19 27 2382
19 28 2682
19 29 4347
19 30 2433
19 31 1032
19 32 4157
19 33 830
19 34 3477
19 35 3572
19 36 1622
19 37 4018
19 38 2345
19 39 2481
19 40 4235
19 41 2197
19 42 4663
19 43 824
19 44 2651
19 45 352
19 46 5198
19 47 1242
19 48 861
19 49 4850
19 50 2594
19 51 623
19 52 2478
19 53 4671
19 54 4717
19 55 2532
19 56 3338
19 57 1768
19 58 4415
19 59 1278
19 60 3429
19 61 2798
19 62 3380
19 63 3425
19 64 2037
19 65 4367
19 66 2272
19 67 2521
19 68 3698
19 69 1256
19 70 2160
19 71 2008
19 72 2292
19 73 3635
19 74 887
19 75 3265
19 76 5137
19 77 3286
19 78 2563
19 79 2117
19 80 1743
19 81 2666
19 82 756
19 83 1963
19 84 3004
19 85 1684
19 86 4014
19 87 3837
19 88 4485
19 89 5683
19 90 906
19 91 1530
19 92 2343
19 93 2970
19 94 2494
19 95 2728
19 96 1225
19 97 3502
19 98 3673
19 99 2581
19 100 3922
20 1 4060
20 2 3213
20 3 4924
20 4 2225
20 5 2429
20 6 3967
20 7 2417
20 8 4545
20 9 5455
20 10 2774
20 11 2508
20 12 3726
20 13 1043
20 14 2395
20 15 3983
20 16 3079
20 17 5857
20 18 6098
20 19 1885
20 20 0
20 21 6158
20 22 6617
20 23 3278
20 24 5679
20 25 2999
20 26 3987
20 27 2318
20 28 4381
20 29 6231
20 30 4209
20 31 2460
20 32 5439
20 33 1389
20 34 3928
20 35 5447
20 36 2659
20 37 5892
20 38 1623
20 39 4276
20 40 5541
20 41 3178
20 42 6200
20 43 2186
20 44 4405
20 45 2237
20 46 6664
20 47 1123
20 48 1601
20 49 6561
20 50 3805
20 51 1306
20 52 3139
20 53 5886
20 54 6440
20 55 1658
20 56 5169
20 57 3486
20 58 6270
20 59 2806
20 60 4744
20 61 4293
20 62 5260
20 63 5310
20 64 3808
20 65 6007
20 66 4151
20 67 3035
20 68 5163
20 69 3060
20 70 2051
20 71 3796
20 72 2768
20 73 5099
20 74 2134
20 75 4654
20 76 6388
20 77 4824
20 78 2773
20 79 1214
20 80 201
20 81 4514
20 82 1997
20 83 3498
20 84 4583
20 85 240
20 86 5876
20 87 4643
20 88 6284
20 89 7461
20 90 1878
20 91 3214
20 92 2041
20 93 1940
20 94 4075
20 95 4325
20 96 1175
20 97 5332
20 98 5280
20 99 2768
20 100 5757
21 1 4327
21 2 4106
21 3 5471
21 4 5720
21 5 5246
21 6 3850
21 7 5009
21 8 2740
21 9 2907
21 10 3383
21 11 3724
21 12 2602
21 13 5384
21 14 4232
21 15 4589
21 16 5115
21 17 3615
21 18 5419
21 19 4308
21 20 6158
21 21 0
21 22 5019
21 23 2986
21 24 695
21 25 5998
21 26 3365
21 27 6088
21 28 2012
21 29 771
21 30 2877
21 31 3812
21 32 4819
21 33 4825
21 34 4926
21 35 830
21 36 4006
21 37 1547
21 38 6444
21 39 1919
21 40 4779
21 41 4879
21 42 4150
21 43 4431
21 44 1869
21 45 3967
21 46 4702
21 47 5217
21 48 4659
21 49 3356
21 50 3364
21 51 4929
21 52 5409
21 53 5254
21 54 3219
21 55 6656
21 56 1004
21 57 3391
21 58 131
21 59 3480
21 60 4469
21 61 2567
21 62 1067
21 63 1281
21 64 3075
21 65 1653
21 66 2298
21 67 5607
21 68 4080
21 69 3441
21 70 5331
21 71 3026
21 72 5555
21 73 4069
21 74 4137
21 75 2739
21 76 5404
21 77 2236
21 78 5954
21 79 5937
21 80 5991
21 81 1644
21 82 4235
21 83 2954
21 84 2205
21 85 5977
21 86 339
21 87 5777
21 88 595
21 89 1585
21 90 4796
21 91 3016
21 92 5570
21 93 7091
21 94 2489
21 95 3527
21 96 5449
21 97 2194
21 98 3534
21 99 5096
21 100 2124
22 1 7798
22 2 7028
22 3 2059
22 4 4633
22 5 7547
22 6 7317
22 7 4214
22 8 6644
22 9 2203
22 10 5114
22 11 5653
22 12 5565
22 13 6606
22 14 6440
22 15 2640
22 16 3621
22 17 1431
22 18 878
22 19 5232
22 20 6617
22 21 5019
22 22 0
22 23 4406
22 24 4414
22 25 4161
22 26 6861
22 27 4790
22 28 5568
22 29 4303
22 30 3145
22 31 5784
22 32 1207
22 33 6057
22 34 8214
22 35 4444
22 36 6415
22 37 3472
22 38 5629
22 39 5090
22 40 1092
22 41 3468
22 42 871
22 43 4541
22 44 5322
22 45 5006
22 46 384
22 47 6443
22 48 6086
22 49 1800
22 50 6717
22 51 5503
22 52 3684
22 53 950
22 54 1892
22 55 5804
22 56 4961
22 57 3549
22 58 4989
22 59 5706
22 60 1873
22 61 6243
22 62 4283
22 63 3932
22 64 3422
22 65 6490
22 66 3892
22 67 3878
22 68 1541
22 69 4101
22 70 7363
22 71 3483
22 72 4083
22 73 1602
22 74 5899
22 75 6722
22 76 601
22 77 6335
22 78 4319
22 79 7301
22 80 6584
22 81 4727
22 82 5847
22 83 5857
22 84 6088
22 85 6377
22 86 4759
22 87 2550
22 88 5608
22 89 6406
22 90 4771
22 91 5429
22 92 7563
22 93 6058
22 94 5904
22 95 2556
22 96 5443
22 97 2934
22 98 1763
22 99 7644
22 100 2898
23 1 3437
23 2 2623
23 3 3645
23 4 2828
23 5 3233
23 6 2984
23 7 2153
23 8 2606
23 9 2548
23 10 744
23 11 1296
23 12 1364
23 13 2709
23 14 2082
23 15 2457
23 16 2481
23 17 3192
23 18 4287
23 19 1393
23 20 3278
23 21 2986
23 22 4406
23 23 0
23 24 2433
23 25 3272
23 26 2584
23 27 3201
23 28 1745
23 29 2962
23 30 1292
23 31 1429
23 32 3524
23 33 2097
23 34 3814
23 35 2211
23 36 2021
23 37 2635
23 38 3467
23 39 1365
23 40 3566
23 41 2297
23 42 3697
23 43 1462
23 44 1605
23 45 1041
23 46 4286
23 47 2528
23 48 2009
23 49 3665
23 50 2410
23 51 1991
23 52 2779
23 53 4063
23 54 3519
23 55 3676
23 56 2074
23 57 959
23 58 3084
23 59 1302
23 60 2846
23 61 2185
23 62 2005
23 63 2032
23 64 985
23 65 3367
23 66 888
23 67 2925
23 68 2893
23 69 581
23 70 3124
23 71 922
23 72 2796
23 73 2839
23 74 1631
23 75 2712
23 76 4458
23 77 2526
23 78 3171
23 79 3376
23 80 3136
23 81 1393
23 82 1640
23 83 1542
23 84 2222
23 85 3073
23 86 2674
23 87 3723
23 88 3245
23 89 4452
23 90 1817
23 91 1053
23 92 3352
23 93 4115
23 94 1814
23 95 1874
23 96 2466
23 97 2187
23 98 2683
23 99 3278
23 100 2593
24 1 4325
24 2 3955
24 3 4779
24 4 5087
24 5 5015
24 6 3826
24 7 4372
24 8 2791
24 9 2257
24 10 2927
24 11 3335
24 12 2336
24 13 4977
24 14 3932
24 15 3895
24 16 4444
24 17 2992
24 18 4766
24 19 3802
24 20 5679
24 21 695
24 22 4414
24 23 2433
24 24 0
24 25 5332
24 26 3323
24 27 5450
24 28 1859
24 29 597
24 30 2189
24 31 3438
24 32 4146
24 33 4393
24 34 4899
24 35 240
24 36 3733
24 37 995
24 38 5849
24 39 1605
24 40 4111
24 41 4205
24 42 3543
24 43 3840
24 44 1651
24 45 3453
24 46 4115
24 47 4803
24 48 4247
24 49 2834
24 50 3280
24 51 4415
24 52 4736
24 53 4595
24 54 2687
24 55 6063
24 56 811
24 57 2734
24 58 739
24 59 3128
24 60 3777
24 61 2524
24 62 428
24 63 585
24 64 2407
24 65 2100
24 66 1665
24 67 4937
24 68 3402
24 69 2836
24 70 5054
24 71 2362
24 72 4896
24 73 3389
24 74 3749
24 75 2818
24 76 4769
24 77 2327
24 78 5295
24 79 5572
24 80 5523
24 81 1227
24 82 3827
24 83 2711
24 84 2204
24 85 5486
24 86 368
24 87 5081
24 88 1227
24 89 2279
24 90 4211
24 91 2659
24 92 5295
24 93 6494
24 94 2349
24 95 2832
24 96 4895
24 97 1527
24 98 2866
24 99 4908
24 100 1522
25 1 6053
25 2 5100
25 3 2167
25 4 800
25 5 4921
25 6 5738
25 7 1165
25 8 5742
25 9 3931
25 10 3442
25 11 3689
25 12 4529
25 13 3519
25 14 4209
25 15 1772
25 16 893
25 17 3946
25 18 3445
25 19 2740
25 20 2999
25 21 5998
25 22 4161
25 23 3272
25 24 5332
25 25 0
25 26 5497
25 27 713
25 28 5009
25 29 5694
25 30 3174
25 31 3761
25 32 2968
25 33 3245
25 34 6182
25 35 5168
25 36 4361
25 37 5011
25 38 1575
25 39 4636
25 40 3091
25 41 1139
25 42 4054
25 43 1997
25 44 4878
25 45 2828
25 46 4333
25 47 3431
25 48 3415
25 49 4793
25 50 5296
25 51 2494
25 52 624
25 53 3271
25 54 4727
25 55 1708
25 56 5240
25 57 2610
25 58 6065
25 59 3953
25 60 2460
25 61 5345
25 62 4931
25 63 4775
25 64 2925
25 65 6636
25 66 3715
25 67 402
25 68 3050
25 69 2699
25 70 4594
25 71 2972
25 72 479
25 73 2997
25 74 3621
25 75 5856
25 76 3770
25 77 5758
25 78 225
25 79 4069
25 80 3062
25 81 4596
25 82 3478
25 83 4556
25 84 5455
25 85 2798
25 86 5660
25 87 1766
25 88 6383
25 89 7564
25 90 1835
25 91 4051
25 92 4698
25 93 1905
25 94 4993
25 95 2736
25 96 1988
25 97 4230
25 98 3444
25 99 5178
25 100 4601
26 1 1011
26 2 903
26 3 6225
26 4 4840
26 5 2127
26 6 505
26 7 4337
26 8 709
26 9 4771
26 10 2096
26 11 1818
26 12 1296
26 13 2960
26 14 1593
26 15 5029
26 16 4866
26 17 5519
26 18 6840
26 19 2797
26 20 3987
26 21 3365
26 22 6861
26 23 2584
26 24 3323
26 25 5497
26 26 0
26 27 5179
26 28 1478
26 29 3890
26 30 3731
26 31 1768
26 32 6081
26 33 2675
26 34 1576
26 35 3113
26 36 1334
26 37 4143
26 38 5055
26 39 1872
26 40 6113
26 41 4734
26 42 6073
26 43 3501
26 44 1716
26 45 2669
26 46 6683
26 47 2863
26 48 2446
26 49 5758
26 50 202
26 51 3256
26 52 5137
26 53 6619
26 54 5601
26 55 5216
26 56 2514
26 57 3544
26 58 3496
26 59 1544
26 60 5424
26 61 803
26 62 3095
26 63 3394
26 64 3525
26 65 2367
26 66 2972
26 67 5227
26 68 5409
26 69 3092
26 70 2353
26 71 3455
26 72 5029
26 73 5361
26 74 2000
26 75 780
26 76 6985
26 77 1192
26 78 5337
26 79 3223
26 80 3787
26 81 2299
26 82 2159
26 83 1042
26 84 1160
26 85 3915
26 86 3261
26 87 6272
26 88 3141
26 89 4070
26 90 3691
26 91 1546
26 92 2558
26 93 5632
26 94 1016
26 95 4416
26 96 3926
26 97 4158
26 98 5098
26 99 1876
26 100 4437
27 1 5639
27 2 4688
27 3 2846
27 4 373
27 5 4376
27 6 5367
27 7 1078
27 8 5501
27 9 4314
27 10 3213
27 11 3362
27 12 4337
27 13 2931
27 14 3779
27 15 2264
27 16 1252
27 17 4433
27 18 4112
27 19 2382
27 20 2318
27 21 6088
27 22 4790
27 23 3201
27 24 5450
27 25 713
27 26 5179
27 27 0
27 28 4878
27 29 5869
27 30 3384
27 31 3412
27 32 3584
27 33 2742
27 34 5710
27 35 5265
27 36 3961
27 37 5256
27 38 868
27 39 4555
27 40 3704
27 41 1479
27 42 4605
27 43 1776
27 44 4780
27 45 2549
27 46 4934
27 47 2865
27 48 2935
27 49 5260
27 50 4977
27 51 2006
27 52 1112
27 53 3928
27 54 5179
27 55 1019
27 56 5252
27 57 2726
27 58 6167
27 59 3651
27 60 3011
27 61 5127
27 62 5033
27 63 4924
27 64 3072
27 65 6549
27 66 3791
27 67 912
27 68 3570
27 69 2667
27 70 4032
27 71 3105
27 72 727
27 73 3511
27 74 3222
27 75 5617
27 76 4432
27 77 5579
27 78 500
27 79 3433
27 80 2397
27 81 4582
27 82 3069
27 83 4307
27 84 5282
27 85 2129
27 86 5755
27 87 2469
27 88 6418
27 89 7618
27 90 1502
27 91 3826
27 92 4114
27 93 1286
27 94 4794
27 95 3085
27 96 1409
27 97 4508
27 98 3897
27 99 4655
27 100 4905
28 1 2489
28 2 2110
28 3 5245
28 4 4508
28 5 3233
28 6 1984
28 7 3868
28 8 1080
28 9 3406
28 10 1721
28 11 1873
28 12 656
28 13 3498
28 14 2249
28 15 4108
28 16 4227
28 17 4176
28 18 5662
28 19 2682
28 20 4381
28 21 2012
28 22 5568
28 23 1745
28 24 1859
28 25 5009
28 26 1478
28 27 4878
28 28 0
28 29 2441
28 30 2548
28 31 1929
28 32 4927
28 33 2997
28 34 3047
28 35 1641
28 36 2009
28 37 2666
28 38 5008
28 39 483
28 40 4938
28 41 4039
28 42 4742
28 43 3102
28 44 252
28 45 2399
28 46 5353
28 47 3345
28 48 2800
28 49 4329
28 50 1422
28 51 3287
28 52 4525
28 53 5451
28 54 4172
28 55 5203
28 56 1066
28 57 2606
28 58 2143
28 59 1582
28 60 4339
28 61 710
28 62 1616
28 63 1921
28 64 2461
28 65 1688
28 66 1726
28 67 4669
28 68 4207
28 69 2327
28 70 3328
28 71 2389
28 72 4530
28 73 4168
28 74 2261
28 75 1153
28 76 5765
28 77 814
28 78 4897
28 79 3989
28 80 4197
28 81 859
28 82 2387
28 83 958
28 84 530
28 85 4234
28 86 1845
28 87 5389
28 88 1958
28 89 3092
28 90 3408
28 91 1173
28 92 3566
28 93 5644
28 94 491
28 95 3289
28 96 3905
28 97 2743
28 98 3817
28 99 3088
28 100 2988
29 1 4885
29 2 4545
29 3 4927
29 4 5513
29 5 5612
29 6 4390
29 7 4797
29 8 3328
29 9 2268
29 10 3498
29 11 3921
29 12 2933
29 13 5555
29 14 4528
29 15 4154
29 16 4800
29 17 2927
29 18 4757
29 19 4347
29 20 6231
29 21 771
29 22 4303
29 23 2962
29 24 597
29 25 5694
29 26 3890
29 27 5869
29 28 2441
29 29 0
29 30 2520
29 31 4026
29 32 4202
29 33 4966
29 34 5467
29 35 835
29 36 4330
29 37 855
29 38 6319
29 39 2202
29 40 4150
29 41 4556
29 42 3441
29 43 4325
29 44 2242
29 45 3996
29 46 3973
29 47 5380
29 48 4826
29 49 2602
29 50 3857
29 51 4952
29 52 5084
29 53 4606
29 54 2469
29 55 6534
29 56 1378
29 57 3144
29 58 706
29 59 3721
29 60 3928
29 61 3087
29 62 979
29 63 954
29 64 2798
29 65 2415
29 66 2138
29 67 5294
29 68 3482
29 69 3316
29 70 5650
29 71 2764
29 72 5278
29 73 3479
29 74 4334
29 75 3345
29 76 4717
29 77 2845
29 78 5677
29 79 6159
29 80 6080
29 81 1821
29 82 4408
29 83 3307
29 84 2752
29 85 6032
29 86 662
29 87 5272
29 88 1360
29 89 2138
29 90 4699
29 91 3252
29 92 5892
29 93 6959
29 94 2932
29 95 3073
29 96 5404
29 97 1611
29 98 2918
29 99 5503
29 100 1443
30 1 4654
30 2 3891
30 3 2748
30 4 3041
30 5 4517
30 6 4176
30 7 2335
30 8 3586
30 9 1294
30 10 2031
30 11 2583
30 12 2437
30 13 3844
30 14 3372
30 15 1728
30 16 2280
30 17 1900
30 18 3127
30 19 2433
30 20 4209
30 21 2877
30 22 3145
30 23 1292
30 24 2189
30 25 3174
30 26 3731
30 27 3384
30 28 2548
30 29 2520
30 30 0
30 31 2716
30 32 2383
30 33 3239
30 34 5072
30 35 2056
30 36 3312
30 37 1872
30 38 3925
30 39 2066
30 40 2400
30 41 2036
30 42 2409
30 43 2056
30 44 2321
30 45 2120
30 46 3003
30 47 3666
30 48 3199
30 49 2424
30 50 3579
30 51 2914
30 52 2564
30 53 2912
30 54 2286
30 55 4140
30 56 2291
30 57 735
30 58 2928
30 59 2591
30 60 1800
30 61 3169
30 62 1821
30 63 1615
30 64 401
30 65 3848
30 66 824
30 67 2774
30 68 1682
30 69 1177
30 70 4389
30 71 424
30 72 2764
30 73 1636
30 74 2891
30 75 3676
30 76 3256
30 77 3357
30 78 3161
30 79 4538
30 80 4104
30 81 1799
30 82 2875
30 83 2714
30 84 3078
30 85 3978
30 86 2538
30 87 2971
30 88 3332
30 89 4462
30 90 2417
30 91 2286
30 92 4610
30 93 4544
30 94 2811
30 95 749
30 96 3176
30 97 1161
30 98 1398
30 99 4570
30 100 1583
31 1 2318
31 2 1383
31 3 4759
31 4 3078
31 5 1803
31 6 1977
31 7 2616
31 8 2172
31 9 3978
31 10 685
31 11 133
31 12 1273
31 13 1578
31 14 658
31 15 3560
31 16 3204
31 17 4616
31 18 5578
31 19 1032
31 20 2460
31 21 3812
31 22 5784
31 23 1429
31 24 3438
31 25 3761
31 26 1768
31 27 3412
31 28 1929
31 29 4026
31 30 2716
31 31 0
31 32 4817
31 33 1071
31 34 2556
31 35 3197
31 36 662
31 37 3902
31 38 3310
31 39 1893
31 40 4876
31 41 3109
31 42 5110
31 43 1787
31 44 1980
31 45 964
31 46 5689
31 47 1419
31 48 871
31 49 5090
31 50 1566
31 51 1507
31 52 3454
31 53 5351
31 54 4942
31 55 3480
31 56 2807
31 57 2240
31 58 3934
31 59 347
31 60 4104
31 61 1864
31 62 3053
31 63 3203
31 64 2378
31 65 3548
31 66 2233
31 67 3519
31 68 4250
31 69 1695
31 70 1713
31 71 2324
31 72 3303
31 73 4191
31 74 332
31 75 2287
31 76 5781
31 77 2384
31 78 3590
31 79 2135
31 80 2272
31 81 2213
31 82 463
31 83 1044
31 84 2130
31 85 2328
31 86 3566
31 87 4721
31 88 3866
31 89 5020
31 90 1934
31 91 795
31 92 1947
31 93 3907
31 94 1618
31 95 3228
31 96 2175
31 97 3573
31 98 4094
31 99 1861
31 100 3959
32 1 6961
32 2 6129
32 3 981
32 4 3425
32 5 6526
32 6 6503
32 7 3025
32 8 5969
32 9 1934
32 10 4177
32 11 4690
32 12 4800
32 13 5491
32 14 5461
32 15 1456
32 16 2416
32 17 1411
32 18 764
32 19 4157
32 20 5439
32 21 4819
32 22 1207
32 23 3524
32 24 4146
32 25 2968
32 26 6081
32 27 3584
32 28 4927
32 29 4202
32 30 2383
32 31 4817
32 32 0
32 33 4968
32 34 7324
32 35 4111
32 36 5469
32 37 3349
32 38 4422
32 39 4444
32 40 125
32 41 2271
32 42 1217
32 43 3419
32 44 4695
32 45 3967
32 46 1369
32 47 5336
32 48 5018
32 49 2200
32 50 5919
32 51 4370
32 52 2477
32 53 539
32 54 2206
32 55 4597
32 56 4523
32 57 2591
32 58 4822
32 59 4789
32 60 728
32 61 5551
32 62 3908
32 63 3589
32 64 2556
32 65 6100
32 66 3200
32 67 2673
32 68 749
32 69 3124
32 70 6313
32 71 2626
32 72 2876
32 73 774
32 74 4890
32 75 6059
32 76 979
32 77 5731
32 78 3118
32 79 6177
32 80 5415
32 81 4144
32 82 4820
32 83 5046
32 84 5457
32 85 5200
32 86 4513
32 87 1476
32 88 5374
32 89 6338
32 90 3618
32 91 4576
32 92 6501
32 93 4857
32 94 5191
32 95 1665
32 96 4263
32 97 2625
32 98 1287
32 99 6654
32 100 2768
33 1 2939
33 2 2009
33 3 4695
33 4 2471
33 5 1688
33 6 2740
33 7 2237
33 8 3184
33 9 4533
33 10 1467
33 11 1125
33 12 2341
33 13 612
33 14 1108
33 15 3566
33 16 2924
33 17 5065
33 18 5700
33 19 830
33 20 1389
33 21 4825
33 22 6057
33 23 2097
33 24 4393
33 25 3245
33 26 2675
33 27 2742
33 28 2997
33 29 4966
33 30 3239
33 31 1071
33 32 4968
33 33 0
33 34 2969
33 35 4155
33 36 1346
33 37 4726
33 38 2430
33 39 2920
33 40 5049
33 41 2912
33 42 5494
33 43 1567
33 44 3033
33 45 1118
33 46 6028
33 47 431
33 48 228
33 49 5662
33 50 2482
33 51 751
33 52 3108
33 53 5475
33 54 5526
33 55 2570
33 56 3826
33 57 2593
33 58 4943
33 59 1418
33 60 4240
33 61 2912
33 62 3986
33 63 4082
33 64 2848
33 65 4617
33 66 2984
33 67 3103
33 68 4526
33 69 2068
33 70 1395
33 71 2815
33 72 2849
33 73 4463
33 74 745
33 75 3296
33 76 5948
33 77 3441
33 78 3041
33 79 1298
33 80 1201
33 81 3192
33 82 610
33 83 2110
33 84 3195
33 85 1267
33 86 4559
33 87 4546
33 88 4917
33 89 6084
33 90 1489
33 91 1838
33 92 1551
33 93 2972
33 94 2686
33 95 3559
33 96 1351
33 97 4268
33 98 4502
33 99 1932
33 100 4682
34 1 610
34 2 1195
34 3 7314
34 4 5428
34 5 1513
34 6 1077
34 7 5092
34 8 2194
34 9 6216
34 10 3151
34 11 2669
34 12 2744
34 13 2928
34 14 1988
34 15 6113
34 16 5725
34 17 6935
34 18 8089
34 19 3477
34 20 3928
34 21 4926
34 22 8214
34 23 3814
34 24 4899
34 25 6182
34 26 1576
34 27 5710
34 28 3047
34 29 5467
34 30 5072
34 31 2556
34 32 7324
34 33 2969
34 34 0
34 35 4687
34 36 1894
34 37 5700
34 38 5349
34 39 3407
34 40 7373
34 41 5650
34 42 7471
34 43 4294
34 44 3277
34 45 3506
34 46 8072
34 47 2925
34 48 2777
34 49 7251
34 50 1630
34 51 3707
34 52 5956
34 53 7862
34 54 7095
34 55 5460
34 56 4091
34 57 4733
34 58 5056
34 59 2536
34 60 6626
34 61 2379
34 62 4660
34 63 4948
34 64 4800
34 65 3750
34 66 4389
34 67 5992
34 68 6708
34 69 4211
34 70 1887
34 71 4735
34 72 5755
34 73 6654
34 74 2594
34 75 2216
34 76 8270
34 77 2704
34 78 5987
34 79 2826
34 80 3739
34 81 3839
34 82 2722
34 83 2398
34 84 2725
34 85 3951
34 86 4835
34 87 7274
34 88 4656
34 89 5472
34 90 4358
34 91 2785
34 92 1961
34 93 5818
34 94 2569
34 95 5688
34 96 4318
34 97 5652
34 98 6468
34 99 1163
34 100 5959
35 1 4120
35 2 3727
35 3 4703
35 4 4899
35 5 4778
35 6 3618
35 7 4186
35 8 2604
35 9 2259
35 10 2690
35 11 3094
35 12 2100
35 13 4738
35 14 3692
35 15 3778
35 16 4284
35 17 3015
35 18 4754
35 19 3572
35 20 5447
35 21 830
35 22 4444
35 23 2211
35 24 240
35 25 5168
35 26 3113
35 27 5265
35 28 1641
35 29 835
35 30 2056
35 31 3197
35 32 4111
35 33 4155
35 34 4687
35 35 0
35 36 3494
35 37 1109
35 38 5644
35 39 1369
35 40 4083
35 41 4049
35 42 3575
35 43 3632
35 44 1426
35 45 3225
35 46 4160
35 47 4564
35 48 4008
35 49 2924
35 50 3064
35 51 4187
35 52 4579
35 53 4575
35 54 2773
35 55 5857
35 56 623
35 57 2561
35 58 902
35 59 2888
35 60 3705
35 61 2319
35 62 237
35 63 523
35 64 2244
35 65 2045
35 66 1473
35 67 4776
35 68 3363
35 69 2633
35 70 4814
35 71 2196
35 72 4726
35 73 3345
35 74 3508
35 75 2638
35 76 4773
35 77 2154
35 78 5124
35 79 5332
35 80 5289
35 81 987
35 82 3587
35 83 2476
35 84 2012
35 85 5255
35 86 492
35 87 4986
35 88 1289
35 89 2408
35 90 4001
35 91 2418
35 92 5056
35 93 6290
35 94 2128
35 95 2730
35 96 4676
35 97 1521
35 98 2843
35 99 4675
35 100 1582
36 1 1691
36 2 740
36 3 5421
36 4 3646
36 5 1297
36 6 1413
36 7 3236
36 8 1900
36 9 4542
36 10 1300
36 11 781
36 12 1408
36 13 1646
36 14 270
36 15 4222
36 16 3846
36 17 5210
36 18 6231
36 19 1622
36 20 2659
36 21 4006
36 22 6415
36 23 2021
36 24 3733
36 25 4361
36 26 1334
36 27 3961
36 28 2009
36 29 4330
36 30 3312
36 31 662
36 32 5469
36 33 1346
36 34 1894
36 35 3494
36 36 0
36 37 4319
36 38 3756
36 39 2129
36 40 5525
36 41 3761
36 42 5718
36 43 2419
36 44 2137
36 45 1614
36 46 6306
36 47 1537
36 48 1118
36 49 5637
36 50 1147
36 51 1978
36 52 4088
36 53 6004
36 54 5485
36 55 3907
36 56 3017
36 57 2883
36 58 4134
36 59 725
36 60 4759
36 61 1702
36 62 3386
36 63 3588
36 64 2996
36 65 3456
36 66 2746
36 67 4141
36 68 4886
36 69 2345
36 70 1327
36 71 2937
36 72 3915
36 73 4829
36 74 741
36 75 2005
36 76 6428
36 77 2236
36 78 4180
36 79 2015
36 80 2459
36 81 2516
36 82 892
36 83 1053
36 84 2041
36 85 2581
36 86 3801
36 87 5380
36 88 3961
36 89 5051
36 90 2525
36 91 1130
36 92 1567
36 93 4315
36 94 1580
36 95 3863
36 96 2641
36 97 4080
36 98 4704
36 99 1271
36 100 4445
37 1 5154
37 2 4665
37 3 4094
37 4 4914
37 5 5616
37 6 4648
37 7 4206
37 8 3686
37 9 1414
37 10 3287
37 11 3781
37 12 3003
37 13 5334
37 14 4479
37 15 3390
37 16 4120
37 17 2078
37 18 3902
37 19 4018
37 20 5892
37 21 1547
37 22 3472
37 23 2635
37 24 995
37 25 5011
37 26 4143
37 27 5256
37 28 2666
37 29 855
37 30 1872
37 31 3902
37 32 3349
37 33 4726
37 34 5700
37 35 1109
37 36 4319
37 37 0
37 38 5784
37 39 2297
37 40 3295
37 41 3873
37 42 2604
37 43 3846
37 44 2427
37 45 3669
37 46 3155
37 47 5154
37 48 4619
37 49 1840
37 50 4070
37 51 4588
37 52 4390
37 53 3750
37 54 1695
37 55 6000
37 56 1725
37 57 2571
37 58 1519
37 59 3641
37 60 3103
37 61 3370
37 62 1057
37 63 753
37 64 2214
37 65 3092
37 66 1748
37 67 4608
37 68 2634
37 69 2859
37 70 5597
37 71 2198
37 72 4621
37 73 2635
37 74 4177
37 75 3727
37 76 3869
37 77 3253
37 78 5016
37 79 5983
37 80 5760
37 81 1866
37 82 4222
37 83 3379
37 84 3090
37 85 5677
37 86 1305
37 87 4458
37 88 2139
37 89 2994
37 90 4220
37 91 3192
37 92 5836
37 93 6410
37 94 3132
37 95 2314
37 96 4960
37 97 803
37 98 2067
37 99 5560
37 100 588
38 1 5366
38 2 4439
38 3 3711
38 4 1007
38 5 3917
38 6 5164
38 7 1616
38 8 5476
38 9 4980
38 10 3289
38 11 3292
38 12 4408
38 13 2443
38 14 3534
38 15 3049
38 16 2029
38 17 5180
38 18 4972
38 19 2345
38 20 1623
38 21 6444
