set N := 1 2 3 4 5 6 7 8 9 10 11 12 13 14 15 16 17 18 19 20 21 22 23 24 25 26 27 28 29 30 31 32 33 34 35 36 37 38 39 40 41 42 43 44 45 46 47 48 49 50 51 52 53 54 55 56 57 58 59 60 61 62 63 64 65 66 67 68 69 70 71 72 73 74 75 76 77 78 79 80 81 82 83 84 85 86 87 88 89 90 91 92 93 94 95 96 97 98 99 100 ;
set M := 1 2 3 4 5 6 7 8 9 10 11 12 13 14 15 16 17 18 19 20 21 22 23 24 25 26 27 28 29 30 31 32 33 34 35 36 37 38 39 40 41 42 43 44 45 46 47 48 49 50 51 52 53 54 55 56 57 58 59 60 61 62 63 64 65 66 67 68 69 70 71 72 73 74 75 76 77 78 79 80 81 82 83 84 85 86 87 88 89 90 91 92 93 94 95 96 97 98 99 100 ;
param d :=
1 1 0
1 2 2800
1 3 5858
1 4 5758
1 5 3501
1 6 6134
1 7 4492
1 8 4142
1 9 2233
1 10 4571
1 11 3325
1 12 1958
1 13 4046
1 14 2460
1 15 4426
1 16 5993
1 17 2448
1 18 5093
1 19 2404
1 20 4709
1 21 6186
1 22 290
1 23 2846
1 24 3013
1 25 3759
1 26 5134
1 27 5824
1 28 5926
1 29 3154
1 30 2993
1 31 5414
1 32 5355
1 33 3685
1 34 2776
1 35 2412
1 36 5025
1 37 1412
1 38 5205
1 39 3405
1 40 2843
1 41 3242
1 42 6814
1 43 1566
1 44 5374
1 45 1711
1 46 2676
1 47 1146
1 48 5471
1 49 3851
1 50 467
1 51 2726
1 52 4091
1 53 5354
1 54 1962
1 55 4111
1 56 3405
1 57 5215
1 58 2773
1 59 4567
1 60 3256
1 61 3430
1 62 855
1 63 3890
1 64 3996
1 65 1982
1 66 5458
1 67 3668
1 68 4673
1 69 5013
1 70 1502
1 71 2944
1 72 3989
1 73 3735
1 74 4544
1 75 3152
1 76 1576
1 77 2816
1 78 4842
1 79 3168
1 80 6957
1 81 3684
1 82 5574
1 83 4931
1 84 4587
1 85 1662
1 86 5190
1 87 4199
1 88 5355
1 89 3574
1 90 5437
1 91 5622
1 92 1135
1 93 6432
1 94 4699
1 95 2197
1 96 2750
1 97 5223
1 98 4518
1 99 2530
1 100 1903
2 1 2800
2 2 0
2 3 5584
2 4 3920
2 5 6230
2 6 4019
2 7 2513
2 8 2990
2 9 2318
2 10 3687
2 11 5905
2 12 4695
2 13 1852
2 14 3668
2 15 2746
2 16 6409
2 17 890
2 18 4140
2 19 791
2 20 2372
2 21 6640
2 22 3058
2 23 4422
2 24 5694
2 25 4349
2 26 4082
2 27 3773
2 28 4078
2 29 5638
2 30 3649
2 31 4873
2 32 6429
2 33 2851
2 34 1589
2 35 1112
2 36 2833
2 37 1671
2 38 5691
2 39 5848
2 40 5572
2 41 1770
2 42 7398
2 43 3695
2 44 5154
2 45 3639
2 46 1266
2 47 2796
2 48 4964
2 49 2301
2 50 3250
2 51 4244
2 52 5676
2 53 3948
2 54 1207
2 55 3382
2 56 2832
2 57 4389
2 58 5327
2 59 5753
2 60 5824
2 61 1715
2 62 2053
2 63 3103
2 64 2454
2 65 1792
2 66 6482
2 67 2274
2 68 6384
2 69 6443
2 70 4140
2 71 4352
2 72 2008
2 73 5216
2 74 2309
2 75 3853
2 76 3997
2 77 2739
2 78 5497
2 79 2263
2 80 7547
2 81 2759
2 82 3852
2 83 3819
2 84 5199
2 85 4300
2 86 4520
2 87 6130
2 88 6498
2 89 5950
2 90 5257
2 91 5757
2 92 3595
2 93 7117
2 94 2395
2 95 1902
2 96 521
2 97 3408
2 98 4598
2 99 5095
2 100 2121
3 1 5858
3 2 5584
3 3 0
3 4 3309
3 5 6931
3 6 4014
3 7 3772
3 8 2689
3 9 7341
3 10 1980
3 11 6136
3 12 6190
3 13 4282
3 14 3592
3 15 3289
3 16 1548
3 17 4780
3 18 1714
3 19 6161
3 20 4432
3 21 1727
3 22 6078
3 23 3785
3 24 6408
3 25 2289
3 26 1865
3 27 3804
3 28 3342
3 29 5729
3 30 2917
3 31 793
3 32 2828
3 33 2733
3 34 7047
3 35 6473
3 36 4098
3 37 6202
3 38 1540
3 39 5694
3 40 6565
3 41 3828
3 42 2415
3 43 4810
3 44 483
3 45 4551
3 46 6733
3 47 4723
3 48 694
3 49 3435
3 50 5896
3 51 3747
3 52 3714
3 53 2448
3 54 6237
3 55 2204
3 56 2794
3 57 1419
3 58 5810
3 59 2926
3 60 6060
3 61 3947
3 62 5993
3 63 2482
3 64 3326
3 65 6797
3 66 2742
3 67 3375
3 68 4139
3 69 3560
3 70 5693
3 71 3538
3 72 3968
3 73 3495
3 74 4237
3 75 2806
3 76 5233
3 77 7933
3 78 1894
3 79 3333
3 80 2533
3 81 2827
3 82 3059
3 83 2081
3 84 1881
3 85 5729
3 86 1173
3 87 4544
3 88 2988
3 89 5549
3 90 428
3 91 831
3 92 6951
3 93 2394
3 94 4362
3 95 7017
3 96 5063
3 97 3289
3 98 1369
3 99 5762
3 100 4142
4 1 5758
4 2 3920
4 3 3309
4 4 0
4 5 8284
4 6 721
4 7 1409
4 8 1781
4 9 6204
4 10 1881
4 11 7638
4 12 7031
4 13 2071
4 14 4614
4 15 1333
4 16 4789
4 17 3543
4 18 1728
4 19 4701
4 20 1716
4 21 4995
4 22 6045
4 23 5270
4 24 7695
4 25 4035
4 26 1555
4 27 500
4 28 168
4 29 7248
4 30 3994
4 31 2573
4 32 5722
4 33 2304
4 34 5494
4 35 5029
4 36 1213
4 37 5303
4 38 4453
4 39 7334
4 40 7726
4 41 2536
4 42 5718
4 43 5565
4 44 3173
4 45 5344
4 46 5176
4 47 4943
4 48 2660
4 49 1908
4 50 6041
4 51 5128
4 52 5950
4 53 907
4 54 5028
4 55 2205
4 56 2651
4 57 1973
4 58 7136
4 59 5453
4 60 7550
4 61 2400
4 62 5407
4 63 2233
4 64 1761
4 65 5650
4 66 5686
4 67 2091
4 68 6594
4 69 6232
4 70 6416
4 71 5042
4 72 1933
4 73 5543
4 74 1669
4 75 4070
4 76 6034
4 77 6658
4 78 4585
4 79 2636
4 80 5840
4 81 2242
4 82 282
4 83 1471
4 84 4379
4 85 6528
4 86 2257
4 87 6737
4 88 5864
4 89 7295
4 90 3280
4 91 3993
4 92 6857
4 93 5652
4 94 1662
4 95 5796
4 96 3522
4 97 540
4 98 3410
4 99 6982
4 100 3914
5 1 3501
5 2 6230
5 3 6931
5 4 8284
5 5 0
5 6 8838
5 7 7317
5 8 6502
5 9 5469
5 10 6592
5 11 819
5 12 1544
5 13 7072
5 14 3697
5 15 7071
5 16 6229
5 17 5676
5 18 7024
5 19 5905
5 20 7730
5 21 6319
5 22 3307
5 23 3197
5 24 589
5 25 4713
5 26 7139
5 27 8510
5 28 8436
5 29 1209
5 30 4383
5 31 6879
5 32 4906
5 33 5980
5 34 6220
5 35 5906
5 36 7911
5 37 4900
5 38 5611
5 39 1309
5 40 659
5 41 6099
5 42 6618
5 43 2768
5 44 6528
5 45 2959
5 46 6158
5 47 3579
5 48 6888
5 49 6558
5 50 3034
5 51 3284
5 52 3431
5 53 7603
5 54 5461
5 55 6161
5 56 5632
5 57 7002
5 58 1163
5 59 4291
5 60 883
5 61 6349
5 62 4351
5 63 6069
5 64 6658
5 65 5390
5 66 5047
5 67 6337
5 68 3462
5 69 4143
5 70 2095
5 71 3451
5 72 6911
5 73 3487
5 74 7520
5 75 4376
5 76 2335
5 77 5924
5 78 5177
5 79 5734
5 80 6720
5 81 6044
5 82 8035
5 83 7037
5 84 5088
5 85 1938
5 86 6841
5 87 2808
5 88 4804
5 89 1529
5 90 6529
5 91 6309
5 92 3308
5 93 6196
5 94 7700
5 95 5569
5 96 6066
5 97 7812
5 98 5660
5 99 1301
5 100 4600
6 1 6134
6 2 4019
6 3 4014
6 4 721
6 5 8838
6 6 0
6 7 1644
6 8 2375
6 9 6336
6 10 2576
6 11 8221
6 12 7531
6 13 2198
6 14 5207
6 15 1772
6 16 5505
6 17 3795
6 18 2449
6 19 4810
6 20 1658
6 21 5710
6 22 6424
6 23 5893
6 24 8248
6 25 4716
6 26 2275
6 27 327
6 28 672
6 29 7838
6 30 4619
6 31 3289
6 32 6440
6 33 2885
6 34 5541
6 35 5126
6 36 1187
6 37 5528
6 38 5174
6 39 7938
6 40 8261
6 41 2894
6 42 6427
6 43 6090
6 44 3892
6 45 5881
6 46 5235
6 47 5409
6 48 3374
6 49 2320
6 50 6452
6 51 5745
6 52 6629
6 53 1628
6 54 5189
6 55 2863
6 56 3230
6 57 2694
6 58 7702
6 59 6156
6 60 8132
6 61 2706
6 62 5699
6 63 2853
6 64 2198
6 65 5800
6 66 6405
6 67 2530
6 68 7284
6 69 6939
6 70 6912
6 71 5673
6 72 2164
6 73 6214
6 74 1713
6 75 4710
6 76 6551
6 77 6741
6 78 5302
6 79 3118
6 80 6547
6 81 2807
6 82 998
6 83 2181
6 84 5091
6 85 7033
6 86 2978
6 87 7404
6 88 6581
6 89 7911
6 90 3998
6 91 4710
6 92 7200
6 93 6369
6 94 1628
6 95 5921
6 96 3691
6 97 1041
6 98 4122
6 99 7538
6 100 4359
7 1 4492
7 2 2513
7 3 3772
7 4 1409
7 5 7317
7 6 1644
7 7 0
7 8 1237
7 9 4795
7 10 1836
7 11 6751
7 12 5954
7 13 678
7 14 3801
7 15 493
7 16 5025
7 17 2165
7 18 2073
7 19 3291
7 20 677
7 21 5253
7 22 4783
7 23 4548
7 24 6729
7 25 3630
7 26 1945
7 27 1344
7 28 1570
7 29 6385
7 30 3319
7 31 2980
7 32 5613
7 33 1599
7 34 4093
7 35 3620
7 36 599
7 37 3917
7 38 4493
7 39 6512
7 40 6718
7 41 1262
7 42 6024
7 43 4550
7 44 3467
7 45 4361
7 46 3774
7 47 3814
7 48 3079
7 49 773
7 50 4820
7 51 4383
7 52 5474
7 53 1570
7 54 3621
7 55 1851
7 56 1893
7 57 2368
7 58 6209
7 59 5165
7 60 6662
7 61 1063
7 62 4061
7 63 1695
7 64 716
7 65 4243
7 66 5611
7 67 997
7 68 6173
7 69 5952
7 70 5334
7 71 4356
7 72 532
7 73 5023
7 74 465
7 75 3454
7 76 4999
7 77 5250
7 78 4490
7 79 1598
7 80 6162
7 81 1486
7 82 1345
7 83 1701
7 84 4226
7 85 5463
7 86 2599
7 87 6181
7 88 5733
7 89 6515
7 90 3582
7 91 4246
7 92 5555
7 93 5861
7 94 610
7 95 4386
7 96 2114
7 97 897
7 98 3323
7 99 6028
7 100 2759
8 1 4142
8 2 2990
8 3 2689
8 4 1781
8 5 6502
8 6 2375
8 7 1237
8 8 0
8 9 5023
8 10 715
8 11 5860
8 12 5270
8 13 1613
8 14 2838
8 15 766
8 16 3823
8 17 2298
8 18 1152
8 19 3660
8 20 1908
8 21 4054
8 22 4420
8 23 3519
8 24 5914
8 25 2433
8 26 1111
8 27 2051
8 28 1934
8 29 5472
8 30 2246
8 31 1927
8 32 4377
8 33 522
8 34 4538
8 35 3989
8 36 1754
8 37 3972
8 38 3262
8 39 5565
8 40 5948
8 41 1229
8 42 4829
8 43 3794
8 44 2322
8 45 3568
8 46 4214
8 47 3224
8 48 2023
8 49 745
8 50 4372
8 51 3369
8 52 4319
8 53 1212
8 54 3848
8 55 613
8 56 870
8 57 1401
8 58 5354
8 59 3951
8 60 5772
8 61 1287
8 62 3943
8 63 492
8 64 642
8 65 4458
8 66 4374
8 67 716
8 68 5001
8 69 4741
8 70 4659
8 71 3301
8 72 1293
8 73 3884
8 74 1680
8 75 2346
8 76 4265
8 77 5564
8 78 3253
8 79 983
8 80 4971
8 81 474
8 82 1536
8 83 859
8 84 2990
8 85 4765
8 86 1555
8 87 5065
8 88 4499
8 89 5536
8 90 2435
8 91 3061
8 92 5271
8 93 4645
8 94 1843
8 95 4649
8 96 2482
8 97 1334
8 98 2088
8 99 5201
8 100 2243
9 1 2233
9 2 2318
9 3 7341
9 4 6204
9 5 5469
9 6 6336
9 7 4795
9 8 5023
9 9 0
9 10 5649
9 11 5457
9 12 4006
9 13 4155
9 14 4433
9 15 4960
9 16 7814
9 17 2737
9 18 6153
9 19 1527
9 20 4690
9 21 8028
9 22 2291
9 23 4975
9 24 5070
9 25 5568
9 26 6132
9 27 6085
9 28 6366
9 29 5337
9 30 4774
9 31 6734
9 32 7410
9 33 4728
9 34 1031
9 35 1225
9 36 5150
9 37 1153
9 38 7033
9 39 5597
9 40 4844
9 41 3822
9 42 8722
9 43 3772
9 44 6869
9 45 3875
9 46 1216
9 47 3112
9 48 6812
9 49 4443
9 50 2624
9 51 4831
9 52 6260
9 53 6121
9 54 1186
9 55 5253
9 56 4576
9 57 6358
9 58 4938
9 59 6639
9 60 5396
9 61 3866
9 62 1541
9 63 4980
9 64 4604
9 65 566
9 66 7499
9 67 4351
9 68 6876
9 69 7163
9 70 3680
9 71 5026
9 72 4272
9 73 5870
9 74 4625
9 75 4968
9 76 3808
9 77 621
9 78 6729
9 79 4106
9 80 8870
9 81 4672
9 82 6111
9 83 5882
9 84 6447
9 85 3830
9 86 6426
9 87 6425
9 88 7432
9 89 5782
9 90 6955
9 91 7304
9 92 2193
9 93 8372
9 94 4713
9 95 417
9 96 2682
9 97 5679
9 98 6129
9 99 4697
9 100 3235
10 1 4571
10 2 3687
10 3 1980
10 4 1881
10 5 6592
10 6 2576
10 7 1836
10 8 715
10 9 5649
10 10 0
10 11 5896
10 12 5478
10 13 2304
10 14 2897
10 15 1344
10 16 3192
10 17 2954
10 18 524
10 19 4332
10 20 2512
10 21 3419
10 22 4836
10 23 3471
10 24 6012
10 25 2157
10 26 573
10 27 2280
10 28 1998
10 29 5494
10 30 2215
10 31 1211
10 32 3906
10 33 928
10 34 5216
10 35 4658
10 36 2257
10 37 4563
10 38 2702
10 39 5554
10 40 6082
10 41 1917
10 42 4188
10 43 3990
10 44 1636
10 45 3745
10 46 4894
10 47 3557
10 48 1307
10 49 1459
10 50 4745
10 51 3346
10 52 4070
10 53 1042
10 54 4488
10 55 466
10 56 1167
10 57 712
10 58 5430
10 59 3581
10 60 5809
10 61 1998
10 62 4476
10 63 690
10 64 1346
10 65 5086
10 66 3884
10 67 1423
10 68 4712
10 69 4366
10 70 4888
10 71 3230
10 72 1988
10 73 3671
10 74 2300
10 75 2255
10 76 4462
10 77 6206
10 78 2764
10 79 1543
10 80 4326
10 81 976
10 82 1600
10 83 449
10 84 2533
10 85 4975
10 86 840
10 87 4865
10 88 4040
10 89 5492
10 90 1750
10 91 2409
10 92 5707
10 93 4035
10 94 2443
10 95 5287
10 96 3174
10 97 1599
10 98 1573
10 99 5303
10 100 2678
11 1 3325
11 2 5905
11 3 6136
11 4 7638
11 5 819
11 6 8221
11 7 6751
11 8 5860
11 9 5457
11 10 5896
11 11 0
11 12 1464
11 13 6563
11 14 3025
11 15 6470
11 16 5409
11 17 5268
11 18 6308
11 19 5677
11 20 7207
11 21 5500
11 22 3189
11 23 2449
11 24 524
11 25 3947
11 26 6430
11 27 7893
11 28 7787
11 29 410
11 30 3680
11 31 6115
11 32 4092
11 33 5341
11 34 6100
11 35 5724
11 36 7349
11 37 4735
11 38 4796
11 39 495
11 40 831
11 41 5569
11 42 5806
11 43 2267
11 44 5742
11 45 2411
11 46 5997
11 47 3146
11 48 6119
11 49 5981
11 50 2874
11 51 2555
11 52 2612
11 53 6921
11 54 5271
11 55 5479
11 56 4994
11 57 6269
11 58 578
11 59 3471
11 60 88
11 61 5827
11 62 4176
11 63 5409
11 64 6070
11 65 5293
11 66 4232
11 67 5758
11 68 2671
11 69 3340
11 70 1825
11 71 2701
11 72 6376
11 73 2674
11 74 6988
11 75 3653
11 76 1909
11 77 5968
11 78 4363
11 79 5153
11 80 5909
11 81 5414
11 82 7382
11 83 6344
11 84 4282
11 85 1663
11 86 6096
11 87 2012
11 88 3993
11 89 732
11 90 5739
11 91 5500
11 92 3407
11 93 5382
11 94 7172
11 95 5495
11 96 5682
11 97 7185
11 98 4887
11 99 812
11 100 4104
12 1 1958
12 2 4695
12 3 6190
12 4 7031
12 5 1544
12 6 7531
12 7 5954
12 8 5270
12 9 4006
12 10 5478
12 11 1464
12 12 0
12 13 5645
12 14 2651
12 15 5760
12 16 5818
12 17 4181
12 18 5955
12 19 4361
12 20 6311
12 21 5959
12 22 1776
12 23 2448
12 24 1069
12 25 3901
12 26 6046
12 27 7206
12 28 7191
12 29 1436
12 30 3367
12 31 5980
12 32 4748
12 33 4752
12 34 4700
12 35 4367
12 36 6535
12 37 3363
12 38 5095
12 39 1706
12 40 885
12 41 4705
12 42 6420
12 43 1488
12 44 5739
12 45 1734
12 46 4625
12 47 2144
12 48 6008
12 49 5217
12 50 1491
12 51 2453
12 52 3253
12 53 6434
12 54 3920
12 55 5021
12 56 4412
12 57 5985
12 58 1020
12 59 4002
12 60 1414
12 61 4942
12 62 2811
12 63 4882
12 64 5333
12 65 3878
12 66 4879
12 67 5002
12 68 3595
12 69 4147
12 70 620
12 71 2677
12 72 5512
12 73 3095
12 74 6113
12 75 3424
12 76 1015
12 77 4506
12 78 4667
12 79 4414
12 80 6544
12 81 4797
12 82 6801
12 83 5906
12 84 4499
12 85 504
12 86 5870
12 87 2975
12 88 4691
12 89 1937
12 90 5765
12 91 5705
12 92 1946
12 93 6000
12 94 6287
12 95 4068
12 96 4554
12 97 6531
12 98 4836
12 99 817
12 100 3196
13 1 4046
13 2 1852
13 3 4282
13 4 2071
13 5 7072
13 6 2198
13 7 678
13 8 1613
13 9 4155
13 10 2304
13 11 6563
13 12 5645
13 13 0
13 14 3728
13 15 1041
13 16 5428
13 17 1626
13 18 2630
13 19 2638
13 20 668
13 21 5660
13 22 4336
13 23 4507
13 24 6491
13 25 3801
13 26 2523
13 27 1932
13 28 2227
13 29 6218
13 30 3356
13 31 3501
13 32 5863
13 33 1800
13 34 3423
13 35 2963
13 36 1018
13 37 3332
13 38 4833
13 39 6369
13 40 6450
13 41 1005
13 42 6436
13 43 4313
13 44 3933
13 45 4152
13 46 3105
13 47 3506
13 48 3599
13 49 903
13 50 4411
13 51 4333
13 52 5548
13 53 2223
13 54 2995
13 55 2195
13 56 2010
13 57 2916
13 58 6004
13 59 5342
13 60 6475
13 61 741
13 62 3531
13 63 1974
13 64 972
13 65 3610
13 66 5876
13 67 1061
13 68 6262
13 69 6116
13 70 5030
13 71 4342
13 72 321
13 73 5085
13 74 503
13 75 3520
13 76 4737
13 77 4591
13 78 4773
13 79 1548
13 80 6579
13 81 1679
13 82 2022
13 83 2265
13 84 4493
13 85 5170
13 86 3120
13 87 6198
13 88 5970
13 89 6399
13 90 4046
13 91 4674
13 92 5062
13 93 6238
13 94 653
13 95 3742
13 96 1493
13 97 1573
13 98 3656
13 99 5806
13 100 2472
14 1 2460
14 2 3668
14 3 3592
14 4 4614
14 5 3697
14 6 5207
14 7 3801
14 8 2838
14 9 4433
14 10 2897
14 11 3025
14 12 2651
14 13 3728
14 14 0
14 15 3476
14 16 3537
14 17 2822
14 18 3343
14 19 3816
14 20 4327
14 21 3726
14 22 2620
14 23 789
14 24 3115
14 25 1343
14 26 3449
14 27 4880
14 28 4761
14 29 2634
14 30 717
14 31 3331
14 32 2978
14 33 2321
14 34 4566
14 35 4022
14 36 4398
14 37 3318
14 38 2751
14 39 2731
14 40 3189
14 41 2727
14 42 4357
14 43 1218
14 44 3125
14 45 959
14 46 4328
14 47 1347
14 48 3361
14 49 3028
14 50 2381
14 51 609
14 52 2009
14 53 3906
14 54 3624
14 55 2464
14 56 1976
14 57 3348
14 58 2536
14 59 2215
14 60 2937
14 61 2992
14 62 2899
14 63 2384
14 64 3096
14 65 3993
14 66 3066
14 67 2805
14 68 2716
14 69 2817
14 70 2113
14 71 684
14 72 3492
14 73 1554
14 74 4095
14 75 786
14 76 1656
14 77 5054
14 78 2381
14 79 2213
14 80 4501
14 81 2401
14 82 4357
14 83 3341
14 84 2131
14 85 2166
14 86 3222
14 87 2514
14 88 3006
14 89 2718
14 90 3163
14 91 3224
14 92 3455
14 93 3981
14 94 4283
14 95 4236
14 96 3266
14 97 4168
14 98 2223
14 99 2406
14 100 1547
15 1 4426
15 2 2746
15 3 3289
15 4 1333
15 5 7071
15 6 1772
15 7 493
15 8 766
15 9 4960
15 10 1344
15 11 6470
15 12 5760
15 13 1041
15 14 3476
15 15 0
15 16 4532
15 17 2248
15 18 1603
15 19 3495
15 20 1169
15 21 4760
15 22 4714
15 23 4197
15 24 6482
15 25 3191
15 26 1487
15 27 1446
15 28 1501
15 29 6093
15 30 2942
15 31 2499
15 32 5142
15 33 1190
15 34 4336
15 35 3829
15 36 990
15 37 4006
15 38 4006
15 39 6205
15 40 6490
15 41 1207
15 42 5531
15 43 4319
15 44 2976
15 45 4113
15 46 4012
15 47 3644
15 48 2598
15 49 575
15 50 4717
15 51 4039
15 52 5062
15 53 1207
15 54 3774
15 55 1375
15 56 1515
15 57 1895
15 58 5943
15 59 4716
15 60 6381
15 61 1098
15 62 4083
15 63 1245
15 64 433
15 65 4398
15 66 5136
15 67 767
15 68 5752
15 69 5505
15 70 5141
15 71 3992
15 72 769
15 73 4620
15 74 956
15 75 3062
15 76 4779
15 77 5450
15 78 4013
15 79 1346
15 80 5669
15 81 1090
15 82 1174
15 83 1233
15 84 3754
15 85 5261
15 86 2117
15 87 5791
15 88 5264
15 89 6193
15 90 3090
15 91 3753
15 92 5523
15 93 5368
15 94 1102
15 95 4561
15 96 2293
15 97 796
15 98 2840
15 99 5773
15 100 2601
16 1 5993
16 2 6409
16 3 1548
16 4 4789
16 5 6229
16 6 5505
16 7 5025
16 8 3823
16 9 7814
16 10 3192
16 11 5409
16 12 5818
16 13 5428
16 14 3537
16 15 4532
16 16 0
16 17 5537
16 18 3096
16 19 6856
16 20 5702
16 21 233
16 22 6158
16 23 3392
16 24 5778
16 25 2255
16 26 3265
16 27 5271
16 28 4839
16 29 5027
16 30 3049
16 31 2216
16 32 1504
16 33 3680
16 34 7715
16 35 7136
16 36 5438
16 37 6662
16 38 789
16 39 4926
16 40 5992
16 41 4764
16 42 1008
16 43 4653
16 44 1619
16 45 4417
16 46 7424
16 47 4858
16 48 2131
16 49 4530
16 50 5909
16 51 3430
16 52 2805
16 53 3896
16 54 6824
16 55 3233
16 56 3601
16 57 2824
16 58 5211
16 59 1940
16 60 5347
16 61 4944
16 62 6336
16 63 3469
16 64 4457
16 65 7312
16 66 1382
16 67 4411
16 68 3008
16 69 2332
16 70 5436
16 71 3193
16 72 5106
16 73 2772
16 74 5485
16 75 2866
16 76 4990
16 77 8431
16 78 1171
16 79 4179
16 80 1154
16 81 3796
16 82 4525
16 83 3432
16 84 1406
16 85 5427
16 86 2544
16 87 3548
16 88 1658
16 89 4733
16 90 1510
16 91 799
16 92 6982
16 93 863
16 94 5634
16 95 7549
16 96 5897
16 97 4693
16 98 1819
16 99 5226
16 100 4597
17 1 2448
17 2 890
17 3 4780
17 4 3543
17 5 5676
17 6 3795
17 7 2165
17 8 2298
17 9 2737
17 10 2954
17 11 5268
17 12 4181
17 13 1626
17 14 2822
17 15 2248
17 16 5537
17 17 0
17 18 3442
17 19 1384
17 20 2275
17 21 5767
17 22 2734
17 23 3593
17 24 5115
17 25 3459
17 26 3409
17 27 3507
17 28 3710
17 29 4968
17 30 2763
17 31 4102
17 32 5540
17 33 2064
17 34 2272
17 35 1706
17 36 2635
17 37 1760
17 38 4810
17 39 5158
17 40 5030
17 41 1085
17 42 6520
17 43 3009
17 44 4334
17 45 2912
17 46 1955
17 47 2121
17 48 4188
17 49 1711
17 50 2843
17 51 3413
17 52 4822
17 53 3386
17 54 1553
17 55 2600
17 56 1994
17 57 3666
17 58 4691
17 59 4869
17 60 5183
17 61 1149
17 62 1907
17 63 2320
17 64 1872
17 65 2171
17 66 5592
17 67 1614
17 68 5536
17 69 5569
17 70 3587
17 71 3504
17 72 1635
17 73 4359
17 74 2129
17 75 2965
17 76 3369
17 77 3266
17 78 4609
17 79 1447
17 80 6670
17 81 1988
17 82 3418
17 83 3154
17 84 4310
17 85 3739
17 86 3766
17 87 5315
17 88 5610
17 89 5236
17 90 4433
17 91 4902
17 92 3437
17 93 6233
17 94 2272
17 95 2354
17 96 445
17 97 3005
17 98 3733
17 99 4471
17 100 1283
18 1 5093
18 2 4140
18 3 1714
18 4 1728
18 5 7024
18 6 2449
18 7 2073
18 8 1152
18 9 6153
18 10 524
18 11 6308
18 12 5955
18 13 2630
18 14 3343
18 15 1603
18 16 3096
18 17 3442
18 18 0
18 19 4811
18 20 2722
18 21 3312
18 22 5357
18 23 3864
18 24 6449
18 25 2460
18 26 173
18 27 2190
18 28 1808
18 29 5902
18 30 2642
18 31 923
18 32 3999
18 33 1447
18 34 5690
18 35 5139
18 36 2384
18 37 5077
18 38 2725
18 39 5946
18 40 6532
18 41 2381
18 42 4059
18 43 4470
18 44 1479
18 45 4221
18 46 5367
18 47 4069
18 48 1021
18 49 1860
18 50 5261
18 51 3752
18 52 4343
18 53 821
18 54 4985
18 55 983
18 56 1690
18 57 296
18 58 5860
18 59 3772
18 60 6222
18 61 2430
18 62 4998
18 63 1214
18 64 1723
18 65 5589
18 66 3960
18 67 1866
18 68 4948
18 69 4540
18 70 5373
18 71 3617
18 72 2329
18 73 3973
18 74 2534
18 75 2654
18 76 4940
18 77 6704
18 78 2867
18 79 2055
18 80 4190
18 81 1487
18 82 1451
18 83 371
18 84 2675
18 85 5455
18 86 556
18 87 5159
18 88 4143
18 89 5869
18 90 1591
18 91 2297
18 92 6229
18 93 3958
18 94 2652
18 95 5786
18 96 3634
18 97 1598
18 98 1711
18 99 5745
18 100 3201
19 1 2404
19 2 791
19 3 6161
19 4 4701
19 5 5905
19 6 4810
19 7 3291
19 8 3660
19 9 1527
19 10 4332
19 11 5677
19 12 4361
19 13 2638
19 14 3816
19 15 3495
19 16 6856
19 17 1384
19 18 4811
19 19 0
19 20 3162
19 21 7082
19 22 2621
19 23 4513
19 24 5404
19 25 4697
19 26 4768
19 27 4563
19 28 4860
19 29 5455
19 30 3942
19 31 5486
19 32 6716
19 33 3448
19 34 887
19 35 333
19 36 3625
19 37 1063
19 38 6107
19 39 5685
19 40 5246
19 41 2431
19 42 7821
19 43 3583
19 44 5711
19 45 3583
19 46 573
19 47 2720
19 48 5573
19 49 3014
19 50 2871
19 51 4343
19 52 5806
19 53 4684
19 54 500
19 55 3985
19 56 3369
19 57 5043
19 58 5107
19 59 5996
19 60 5602
19 61 2425
19 62 1567
19 63 3704
19 64 3172
19 65 1014
19 66 6783
19 67 2955
19 68 6491
19 69 6633
19 70 3861
19 71 4486
19 72 2776
19 73 5363
19 74 3100
19 75 4147
19 76 3804
19 77 1959
19 78 5868
19 79 2832
19 80 7971
19 81 3371
19 82 4623
19 83 4509
19 84 5572
19 85 4024
19 86 5149
19 87 6163
19 88 6768
19 89 5817
19 90 5808
19 91 6253
19 92 3011
19 93 7513
19 94 3186
19 95 1111
19 96 1203
19 97 4183
19 98 5075
19 99 4867
19 100 2333
20 1 4709
20 2 2372
20 3 4432
20 4 1716
20 5 7730
20 6 1658
20 7 677
20 8 1908
20 9 4690
20 10 2512
20 11 7207
20 12 6311
20 13 668
20 14 4327
20 15 1169
20 16 5702
20 17 2275
20 18 2722
20 19 3162
20 20 0
20 21 5930
20 22 4998
20 23 5094
20 24 7147
20 25 4268
20 26 2584
20 27 1445
20 28 1848
20 29 6856
20 30 3901
20 31 3638
20 32 6276
20 33 2231
20 34 3882
20 35 3474
20 36 508
20 37 3939
20 38 5168
20 39 7000
20 40 7111
20 41 1637
20 42 6700
20 43 4966
20 44 4138
20 45 4798
20 46 3577
20 47 4170
20 48 3737
20 49 1344
20 50 5078
20 51 4924
20 52 6079
20 53 2135
20 54 3560
20 55 2522
20 56 2498
20 57 3018
20 58 6651
20 59 5808
20 60 7118
20 61 1382
20 62 4171
20 63 2352
20 64 1338
20 65 4162
20 66 6277
20 67 1552
20 68 6786
20 69 6592
20 70 5695
20 71 4916
20 72 836
20 73 5623
20 74 238
20 75 4050
20 76 5395
20 77 5084
20 78 5158
20 79 2116
20 80 6838
20 81 2114
20 82 1757
20 83 2351
20 84 4891
20 85 5834
20 86 3259
20 87 6761
20 88 6393
20 89 7020
20 90 4253
20 91 4921
20 92 5712
20 93 6538
20 94 69
20 95 4273
20 96 2090
20 97 1327
20 98 3997
20 99 6457
20 100 3130
21 1 6186
21 2 6640
21 3 1727
21 4 4995
21 5 6319
21 6 5710
21 7 5253
21 8 4054
21 9 8028
21 10 3419
21 11 5500
21 12 5959
21 13 5660
21 14 3726
21 15 4760
21 16 233
21 17 5767
21 18 3312
21 19 7082
21 20 5930
21 21 0
21 22 6345
21 23 3548
21 24 5882
21 25 2463
21 26 3480
21 27 5481
21 28 5042
21 29 5124
21 30 3258
21 31 2422
21 32 1510
21 33 3914
21 34 7939
21 35 7361
21 36 5662
21 37 6877
21 38 994
21 39 5012
21 40 6104
21 41 4997
21 42 775
21 43 4825
21 44 1833
21 45 4593
21 46 7649
21 47 5055
21 48 2335
21 49 4762
21 50 6092
21 51 3594
21 52 2888
21 53 4106
21 54 7045
21 55 3466
21 56 3834
21 57 3037
21 58 5323
21 59 2029
21 60 5440
21 61 5178
21 62 6543
21 63 3702
21 64 4689
21 65 7529
21 66 1378
21 67 4645
21 68 3037
21 69 2346
21 70 5592
21 71 3357
21 72 5339
21 73 2889
21 74 5714
21 75 3071
21 76 5150
21 77 8646
21 78 1347
21 79 4412
21 80 920
21 81 4029
21 82 4733
21 83 3651
21 84 1600
21 85 5578
21 86 2758
21 87 3602
21 88 1655
21 89 4812
21 90 1722
21 91 1017
21 92 7163
21 93 666
21 94 5862
21 95 7766
21 96 6128
21 97 4910
21 98 2052
21 99 5348
21 100 4816
22 1 290
22 2 3058
22 3 6078
22 4 6045
22 5 3307
22 6 6424
22 7 4783
22 8 4420
22 9 2291
22 10 4836
22 11 3189
22 12 1776
22 13 4336
22 14 2620
22 15 4714
22 16 6158
22 17 2734
22 18 5357
22 19 2621
22 20 4998
22 21 6345
22 22 0
22 23 2938
22 24 2844
22 25 3941
22 26 5401
22 27 6114
22 28 6213
22 29 3049
22 30 3190
22 31 5654
22 32 5459
22 33 3957
22 34 2924
22 35 2601
22 36 5315
22 37 1594
22 38 5372
22 39 3307
22 40 2654
22 41 3532
22 42 6955
22 43 1624
22 44 5595
22 45 1802
22 46 2851
22 47 1354
22 48 5709
22 49 4139
22 50 337
22 51 2832
22 52 4148
22 53 5633
22 54 2160
22 55 4374
22 56 3671
22 57 5472
22 58 2654
22 59 4669
22 60 3124
22 61 3720
22 62 1055
22 63 4158
22 64 4284
22 65 2106
22 66 5567
22 67 3955
22 68 4701
22 69 5077
22 70 1389
22 71 3058
22 72 4280
22 73 3815
22 74 4834
22 75 3340
22 76 1547
22 77 2845
22 78 4998
22 79 3450
22 80 7097
22 81 3960
22 82 5860
22 83 5203
22 84 4752
22 85 1542
22 86 5440
22 87 4198
22 88 5451
22 89 3492
22 90 5654
22 91 5815
22 92 879
22 93 6567
22 94 4989
22 95 2306
22 96 3028
22 97 5511
22 98 4729
22 99 2412
22 100 2178
23 1 2846
23 2 4422
23 3 3785
23 4 5270
23 5 3197
23 6 5893
23 7 4548
23 8 3519
23 9 4975
23 10 3471
23 11 2449
23 12 2448
23 13 4507
23 14 789
23 15 4197
23 16 3392
23 17 3593
23 18 3864
23 19 4513
23 20 5094
23 21 3548
23 22 2938
23 23 0
23 24 2645
23 25 1521
23 26 3991
23 27 5570
23 28 5410
23 29 2040
23 30 1276
23 31 3683
23 32 2521
23 33 3018
23 34 5217
23 35 4694
23 36 5142
23 37 3909
23 38 2651
23 39 2084
23 40 2784
23 41 3509
23 42 4079
23 43 1326
23 44 3357
23 45 1138
23 46 4999
23 47 1873
23 48 3694
23 49 3779
23 50 2643
23 51 180
23 52 1301
23 53 4507
23 54 4275
23 55 3075
23 56 2683
23 57 3820
23 58 2045
23 59 1732
23 60 2365
23 61 3774
23 62 3436
23 63 3042
23 64 3836
23 65 4583
23 66 2633
23 67 3558
23 68 1977
23 69 2188
23 70 2044
23 71 254
23 72 4262
23 73 895
23 74 4861
23 75 1216
23 76 1604
23 77 5589
23 78 2228
23 79 2978
23 80 4214
23 81 3109
23 82 5003
23 83 3920
23 84 2050
23 85 2036
23 86 3648
23 87 1727
23 88 2513
23 89 2026
23 90 3369
23 91 3259
23 92 3685
23 93 3674
23 94 5048
23 95 4824
23 96 4039
23 97 4852
23 98 2472
23 99 1979
23 100 2311
24 1 3013
24 2 5694
24 3 6408
24 4 7695
24 5 589
24 6 8248
24 7 6729
24 8 5914
24 9 5070
24 10 6012
24 11 524
24 12 1069
24 13 6491
24 14 3115
24 15 6482
24 16 5778
24 17 5115
24 18 6449
24 19 5404
24 20 7147
24 21 5882
24 22 2844
24 23 2645
24 24 0
24 25 4166
24 26 6561
24 27 7920
24 28 7848
24 29 777
24 30 3807
24 31 6327
24 32 4515
24 33 5391
24 34 5768
24 35 5425
24 36 7323
24 37 4423
24 38 5130
24 39 972
24 40 306
24 41 5514
24 42 6229
24 43 2182
24 44 5994
24 45 2370
24 46 5686
24 47 3007
24 48 6339
24 49 5969
24 50 2549
24 51 2722
24 52 3012
24 53 7019
24 54 4975
24 55 5578
24 56 5044
24 57 6433
24 58 600
24 59 3855
24 60 528
24 61 5765
24 62 3868
24 63 5482
24 64 6069
24 65 4947
24 66 4654
24 67 5748
24 68 3143
24 69 3793
24 70 1554
24 71 2899
24 72 6326
24 73 3012
24 74 6936
24 75 3807
24 76 1757
24 77 5558
24 78 4695
24 79 5145
24 80 6338
24 81 5455
24 82 7447
24 83 6456
24 84 4587
24 85 1393
24 86 6278
24 87 2483
24 88 4425
24 89 1225
24 90 6000
24 91 5813
24 92 2966
24 93 5804
24 94 7116
24 95 5138
24 96 5511
24 97 7222
24 98 5117
24 99 713
24 100 4018
25 1 3759
25 2 4349
25 3 2289
25 4 4035
25 5 4713
25 6 4716
25 7 3630
25 8 2433
25 9 5568
25 10 2157
25 11 3947
25 12 3901
25 13 3801
25 14 1343
25 15 3191
25 16 2255
25 17 3459
25 18 2460
25 19 4697
25 20 4268
25 21 2463
25 22 3941
25 23 1521
25 24 4166
25 25 0
25 26 2607
25 27 4408
25 28 4155
25 29 3536
25 30 795
25 31 2168
25 32 2104
25 33 2036
25 34 5530
25 35 4957
25 36 4181
25 37 4419
25 38 1468
25 39 3545
25 40 4303
25 41 2918
25 42 3157
25 43 2544
25 44 1844
25 45 2290
25 46 5253
25 47 2616
25 48 2175
25 49 2932
25 50 3717
25 51 1464
25 52 1914
25 53 3191
25 54 4616
25 55 1864
25 56 1791
25 57 2366
25 58 3566
25 59 1542
25 60 3866
25 61 3154
25 62 4080
25 63 1946
25 64 2930
25 65 5077
25 66 2143
25 67 2744
25 68 2574
25 69 2324
25 70 3412
25 71 1268
25 72 3501
25 73 1517
25 74 4029
25 75 611
25 76 2951
25 77 6187
25 78 1174
25 79 2302
25 80 3306
25 81 2154
25 82 3755
25 83 2592
25 84 882
25 85 3443
25 86 2166
25 87 2709
25 88 2194
25 89 3442
25 90 1865
25 91 1881
25 92 4790
25 93 2824
25 94 4209
25 95 5316
25 96 3864
25 97 3700
25 98 951
25 99 3497
25 100 2383
26 1 5134
26 2 4082
26 3 1865
26 4 1555
26 5 7139
26 6 2275
26 7 1945
26 8 1111
26 9 6132
26 10 573
26 11 6430
26 12 6046
26 13 2523
26 14 3449
26 15 1487
26 16 3265
26 17 3409
26 18 173
26 19 4768
26 20 2584
26 21 3480
26 22 5401
26 23 3991
26 24 6561
26 25 2607
26 26 0
26 27 2017
26 28 1636
26 29 6025
26 30 2755
26 31 1079
26 32 4171
26 33 1461
26 34 5643
26 35 5098
26 36 2232
26 37 5070
26 38 2898
26 39 6075
26 40 6638
26 41 2337
26 42 4224
26 43 4559
26 44 1647
26 45 4312
26 46 5319
26 47 4129
26 48 1175
26 49 1787
26 50 5315
26 51 3875
26 52 4498
26 53 647
26 54 4958
26 55 1039
26 56 1730
26 57 448
26 58 5975
26 59 3938
26 60 6344
26 61 2367
26 62 5010
26 63 1244
26 64 1644
26 65 5567
26 66 4132
26 67 1813
26 68 5109
26 69 4707
26 70 5458
26 71 3746
26 72 2229
26 73 4123
26 74 2403
26 75 2777
26 76 5030
26 77 6675
26 78 3038
26 79 2052
26 80 4354
26 81 1487
26 82 1278
26 83 264
26 84 2843
26 85 5544
26 86 722
26 87 5311
26 88 4315
26 89 6002
26 90 1758
26 91 2466
26 92 6269
26 93 4127
26 94 2515
26 95 5760
26 96 3582
26 97 1433
26 98 1878
26 99 5854
26 100 3235
27 1 5824
27 2 3773
27 3 3804
27 4 500
27 5 8510
27 6 327
27 7 1344
27 8 2051
27 9 6085
27 10 2280
27 11 7893
27 12 7206
27 13 1932
27 14 4880
27 15 1446
27 16 5271
27 17 3507
27 18 2190
27 19 4563
27 20 1445
27 21 5481
27 22 6114
27 23 5570
27 24 7920
27 25 4408
27 26 2017
27 27 0
27 28 527
27 29 7511
27 30 4296
27 31 3058
27 32 6164
27 33 2559
27 34 5315
27 35 4884
27 36 947
27 37 5250
27 38 4911
27 39 7611
27 40 7934
27 41 2582
27 42 6209
27 43 5763
27 44 3653
27 45 5554
27 46 5006
27 47 5086
27 48 3147
27 49 1998
27 50 6137
27 51 5420
27 52 6319
27 53 1376
27 54 4927
27 55 2549
27 56 2903
27 57 2449
27 58 7375
27 59 5861
27 60 7805
27 61 2402
27 62 5405
27 63 2532
27 64 1873
27 65 5543
27 66 6133
27 67 2206
27 68 6979
27 69 6646
27 70 6587
27 71 5351
27 72 1872
27 73 5900
27 74 1465
27 75 4390
27 76 6225
27 77 6506
27 78 5023
27 79 2792
27 80 6332
27 81 2480
27 82 747
27 83 1901
27 84 4805
27 85 6707
27 86 2731
27 87 7090
27 88 6303
27 89 7586
27 90 3761
27 91 4473
27 92 6897
27 93 6135
27 94 1405
27 95 5671
27 96 3423
27 97 718
27 98 3838
27 99 7210
27 100 4038
28 1 5926
28 2 4078
28 3 3342
28 4 168
28 5 8436
28 6 672
28 7 1570
28 8 1934
28 9 6366
28 10 1998
28 11 7787
28 12 7191
28 13 2227
28 14 4761
28 15 1501
28 16 4839
28 17 3710
28 18 1808
28 19 4860
28 20 1848
28 21 5042
28 22 6213
28 23 5410
28 24 7848
28 25 4155
28 26 1636
28 27 527
28 28 0
28 29 7395
28 30 4134
28 31 2624
28 32 5807
28 33 2457
28 34 5649
28 35 5188
28 36 1341
28 37 5470
28 38 4528
28 39 7478
28 40 7882
28 41 2705
28 42 5756
28 43 5723
28 44 3230
28 45 5501
28 46 5332
28 47 5107
28 48 2708
28 49 2077
28 50 6208
28 51 5270
28 52 6068
28 53 991
28 54 5191
28 55 2339
28 56 2804
28 57 2039
28 58 7287
28 59 5556
28 60 7699
28 61 2568
28 62 5576
28 63 2378
28 64 1929
28 65 5813
28 66 5767
28 67 2258
28 68 6706
28 69 6332
28 70 6577
28 71 5180
28 72 2097
28 73 5667
28 74 1814
28 75 4206
28 76 6192
28 77 6817
28 78 4674
28 79 2800
28 80 5876
28 81 2399
28 82 406
28 83 1575
28 84 4474
28 85 6688
28 86 2322
28 87 6861
28 88 5951
28 89 7436
28 90 3334
28 91 4046
28 92 7025
28 93 5702
28 94 1797
28 95 5957
28 96 3685
28 97 709
28 98 3505
28 99 7135
28 100 4079
29 1 3154
29 2 5638
29 3 5729
29 4 7248
29 5 1209
29 6 7838
29 7 6385
29 8 5472
29 9 5337
29 10 5494
29 11 410
29 12 1436
29 13 6218
29 14 2634
29 15 6093
29 16 5027
29 17 4968
29 18 5902
29 19 5455
29 20 6856
29 21 5124
29 22 3049
29 23 2040
29 24 777
29 25 3536
29 26 6025
29 27 7511
29 28 7395
29 29 0
29 30 3279
29 31 5704
29 32 3740
29 33 4955
29 34 5925
29 35 5522
29 36 6984
29 37 4550
29 38 4401
29 39 269
29 40 1048
29 41 5219
29 42 5455
29 43 1959
29 44 5333
29 45 2076
29 46 5803
29 47 2854
29 48 5708
29 49 5614
29 50 2721
29 51 2150
29 52 2243
29 53 6522
29 54 5068
29 55 5080
29 56 4608
29 57 5860
29 58 417
29 59 3095
29 60 331
29 61 5479
29 62 3992
29 63 5016
29 64 5698
29 65 5135
29 66 3880
29 67 5390
29 68 2370
29 69 3015
29 70 1660
29 71 2291
29 72 6022
29 73 2278
29 74 6634
29 75 3248
29 76 1652
29 77 5872
29 78 3967
29 79 4786
29 80 5563
29 81 5030
29 82 6990
29 83 5943
29 84 3880
29 85 1507
29 86 5686
29 87 1711
29 88 3649
29 89 507
29 90 5330
29 91 5100
29 92 3370
29 93 5031
29 94 6819
29 95 5346
29 96 5390
29 97 6800
29 98 4476
29 99 645
29 100 3775
30 1 2993
30 2 3649
30 3 2917
30 4 3994
30 5 4383
30 6 4619
30 7 3319
30 8 2246
30 9 4774
30 10 2215
30 11 3680
30 12 3367
30 13 3356
30 14 717
30 15 2942
30 16 3049
30 17 2763
30 18 2642
30 19 3942
30 20 3901
30 21 3258
30 22 3190
30 23 1276
30 24 3807
30 25 795
30 26 2755
30 27 4296
30 28 4134
30 29 3279
30 30 0
30 31 2617
30 32 2784
30 33 1754
30 34 4759
30 35 4190
30 36 3905
30 37 3626
30 38 2263
30 39 3347
30 40 3895
30 41 2394
30 42 3948
30 43 1919
30 44 2442
30 45 1660
30 46 4490
30 47 1846
30 48 2651
30 49 2563
30 50 2988
30 51 1137
30 52 2192
30 53 3242
30 54 3837
30 55 1804
30 56 1429
30 57 2636
30 58 3219
30 59 2109
30 60 3594
30 61 2651
30 62 3286
30 63 1766
30 64 2602
30 65 4287
30 66 2844
30 67 2349
30 68 2908
30 69 2832
30 70 2822
30 71 1055
30 72 3085
30 73 1728
30 74 3663
30 75 205
30 76 2368
30 77 5394
30 78 1958
30 79 1808
30 80 4097
30 81 1851
30 82 3728
30 83 2663
30 84 1673
30 85 2880
30 86 2505
30 87 2862
30 88 2849
30 89 3301
30 90 2488
30 91 2629
30 92 4053
30 93 3607
30 94 3850
30 95 4527
30 96 3188
30 97 3578
30 98 1550
30 99 3103
30 100 1611
31 1 5414
31 2 4873
31 3 793
31 4 2573
31 5 6879
31 6 3289
31 7 2980
31 8 1927
31 9 6734
31 10 1211
31 11 6115
31 12 5980
31 13 3501
31 14 3331
31 15 2499
31 16 2216
31 17 4102
31 18 923
31 19 5486
31 20 3638
31 21 2422
31 22 5654
31 23 3683
31 24 6327
31 25 2168
31 26 1079
31 27 3058
31 28 2624
31 29 5704
31 30 2617
31 31 0
31 32 3280
31 33 2038
31 34 6374
31 35 5806
31 36 3308
31 37 5614
31 38 1964
31 39 5707
31 40 6452
31 41 3105
31 42 3154
31 43 4536
31 44 612
31 45 4277
31 46 6055
31 47 4311
31 48 99
31 49 2671
31 50 5507
31 51 3608
31 52 3886
31 53 1686
31 54 5600
31 55 1501
31 56 2158
31 57 631
31 58 5728
31 59 3196
31 60 6034
31 61 3204
31 62 5455
31 63 1782
31 64 2554
31 65 6180
31 66 3219
31 67 2629
31 68 4412
31 69 3916
31 70 5440
31 71 3429
31 72 3189
31 73 3583
31 74 3444
31 75 2558
31 76 4986
31 77 7312
31 78 2200
31 79 2657
31 80 3280
31 81 2118
31 82 2311
31 83 1289
31 84 2079
31 85 5497
31 86 382
31 87 4722
31 88 3433
31 89 5593
31 90 711
31 91 1422
31 92 6534
31 93 3079
31 94 3569
31 95 6392
31 96 4355
31 97 2511
31 98 1236
31 99 5648
31 100 3603
32 1 5355
32 2 6429
32 3 2828
32 4 5722
32 5 4906
32 6 6440
32 7 5613
32 8 4377
32 9 7410
32 10 3906
32 11 4092
32 12 4748
32 13 5863
32 14 2978
32 15 5142
32 16 1504
32 17 5540
32 18 3999
32 19 6716
32 20 6276
32 21 1510
32 22 5459
32 23 2521
32 24 4515
32 25 2104
32 26 4171
32 27 6164
32 28 5807
32 29 3740
32 30 2784
32 31 3280
32 32 0
32 33 4066
32 34 7511
32 35 6951
32 36 6120
32 37 6294
32 38 1319
32 39 3597
32 40 4761
32 41 5016
32 42 1714
32 43 3847
32 44 2683
32 45 3656
32 46 7254
32 47 4306
32 48 3222
32 49 4972
32 50 5164
32 51 2629
32 52 1513
32 53 4818
32 54 6575
32 55 3766
32 56 3864
32 57 3783
32 58 3990
32 59 789
32 60 4040
32 61 5246
32 62 5873
32 63 3924
32 64 4946
32 65 6969
32 66 141
32 67 4801
32 68 1533
32 69 836
32 70 4480
32 71 2410
32 72 5553
32 73 1680
32 74 6042
32 75 2579
32 76 4077
32 77 8030
32 78 1142
32 79 4399
32 80 1823
32 81 4187
32 82 5442
32 83 4262
32 84 1387
32 85 4434
32 86 3507
32 87 2128
32 88 160
32 89 3379
32 90 2606
32 91 1999
32 92 6200
32 93 1290
32 94 6213
32 95 7212
32 96 5956
32 97 5504
32 98 2332
32 99 4054
32 100 4382
33 1 3685
33 2 2851
33 3 2733
33 4 2304
33 5 5980
33 6 2885
33 7 1599
33 8 522
33 9 4728
33 10 928
33 11 5341
33 12 4752
33 13 1800
33 14 2321
33 15 1190
33 16 3680
33 17 2064
33 18 1447
33 19 3448
33 20 2231
33 21 3914
33 22 3957
33 23 3018
33 24 5391
33 25 2036
33 26 1461
33 27 2559
33 28 2457
33 29 4955
33 30 1754
33 31 2038
33 32 4066
33 33 0
33 34 4336
33 35 3769
33 36 2167
33 37 3636
33 38 3046
33 39 5052
33 40 5425
33 41 1105
33 42 4688
33 43 3273
33 44 2309
33 45 3046
33 46 4017
33 47 2726
33 48 2124
33 49 905
33 50 3891
33 51 2864
33 52 3878
33 53 1699
33 54 3576
33 55 536
33 56 347
33 57 1631
33 58 4832
33 59 3577
33 60 5252
33 61 1265
33 62 3552
33 63 256
33 64 893
33 65 4168
33 66 4077
33 67 743
33 68 4574
33 69 4361
33 70 4143
33 71 2807
33 72 1487
33 73 3432
33 74 1993
33 75 1871
33 76 3745
33 77 5293
33 78 2973
33 79 623
33 80 4834
33 81 120
33 82 2058
33 83 1247
33 84 2693
33 85 4247
33 86 1705
33 87 4600
33 88 4177
33 89 5028
33 90 2414
33 91 2964
33 92 4819
33 93 4465
33 94 2172
33 95 4373
33 96 2330
33 97 1846
33 98 1875
33 99 4678
33 100 1781
34 1 2776
34 2 1589
34 3 7047
34 4 5494
34 5 6220
34 6 5541
34 7 4093
34 8 4538
34 9 1031
34 10 5216
34 11 6100
34 12 4700
34 13 3423
34 14 4566
34 15 4336
34 16 7715
34 17 2272
34 18 5690
34 19 887
34 20 3882
34 21 7939
34 22 2924
34 23 5217
34 24 5768
34 25 5530
34 26 5643
34 27 5315
34 28 5649
34 29 5925
34 30 4759
34 31 6374
34 32 7511
34 33 4336
34 34 0
34 35 579
34 36 4368
34 37 1379
34 38 6958
34 39 6172
34 40 5572
34 41 3309
34 42 8671
34 43 4163
34 44 6596
34 45 4207
34 46 325
34 47 3363
34 48 6460
34 49 3877
34 50 3227
34 51 5054
34 52 6518
34 53 5535
34 54 943
34 55 4872
34 56 4254
34 57 5926
34 58 5549
34 59 6772
34 60 6031
34 61 3288
34 62 1934
34 63 4592
34 64 4033
34 65 836
34 66 7584
34 67 3830
34 68 7182
34 69 7377
34 70 4278
34 71 5218
34 72 3596
34 73 6091
34 74 3853
34 75 4963
34 76 4307
34 77 1223
34 78 6704
34 79 3719
34 80 8821
34 81 4258
34 82 5436
34 83 5383
34 84 6410
34 85 4438
34 86 6035
34 87 6805
34 88 7554
34 89 6330
34 90 6692
34 91 7126
34 92 3062
34 93 8353
34 94 3915
34 95 709
34 96 2063
34 97 4991
34 98 5947
34 99 5306
34 100 3149
35 1 2412
35 2 1112
35 3 6473
35 4 5029
35 5 5906
35 6 5126
35 7 3620
35 8 3989
35 9 1225
35 10 4658
35 11 5724
35 12 4367
35 13 2963
35 14 4022
35 15 3829
35 16 7136
35 17 1706
35 18 5139
35 19 333
35 20 3474
35 21 7361
35 22 2601
35 23 4694
35 24 5425
35 25 4957
35 26 5098
35 27 4884
35 28 5188
35 29 5522
35 30 4190
35 31 5806
35 32 6951
35 33 3769
35 34 579
35 35 0
35 36 3943
35 37 1007
35 38 6380
35 39 5761
35 40 5250
35 41 2761
35 42 8094
35 43 3697
35 44 6020
35 45 3719
35 46 306
35 47 2862
35 48 5892
35 49 3347
35 50 2876
35 51 4527
35 52 5992
35 53 5018
35 54 454
35 55 4305
35 56 3679
35 57 5370
35 58 5161
35 59 6219
35 60 5651
35 61 2759
35 62 1557
35 63 4025
35 64 3506
35 65 758
35 66 7022
35 67 3287
35 68 6667
35 69 6838
35 70 3900
35 71 4682
35 72 3107
35 73 5558
35 74 3419
35 75 4395
35 76 3882
35 77 1629
35 78 6130
35 79 3150
35 80 8244
35 81 3694
35 82 4954
35 83 4840
35 84 5836
35 85 4062
35 86 5472
35 87 6313
35 88 6998
35 89 5905
35 90 6115
35 91 6547
35 92 2895
35 93 7778
35 94 3500
35 95 809
35 96 1537
35 97 4513
35 98 5367
35 99 4919
35 100 2579
36 1 5025
36 2 2833
36 3 4098
36 4 1213
36 5 7911
36 6 1187
36 7 599
36 8 1754
36 9 5150
36 10 2257
36 11 7349
36 12 6535
36 13 1018
36 14 4398
36 15 990
36 16 5438
36 17 2635
36 18 2384
36 19 3625
36 20 508
36 21 5662
36 22 5315
36 23 5142
36 24 7323
36 25 4181
36 26 2232
36 27 947
36 28 1341
36 29 6984
36 30 3905
36 31 3308
36 32 6120
36 33 2167
36 34 4368
36 35 3943
36 36 0
36 37 4350
36 38 4955
36 39 7111
36 40 7308
36 41 1831
36 42 6423
36 43 5143
36 44 3843
36 45 4956
36 46 4059
36 47 4392
36 48 3405
36 49 1372
36 50 5370
36 51 4978
36 52 6045
36 53 1717
36 54 4002
36 55 2356
36 56 2476
36 57 2678
36 58 6806
36 59 5705
36 60 7260
36 61 1607
36 62 4543
36 63 2235
36 64 1306
36 65 4612
36 66 6110
36 67 1596
36 68 6739
36 69 6494
36 70 5916
36 71 4947
36 72 1037
36 73 5600
36 74 525
36 75 4035
36 76 5588
36 77 5561
36 78 4986
36 79 2198
36 80 6557
36 81 2060
36 82 1275
36 83 2023
36 84 4733
36 85 6047
36 86 2936
36 87 6764
36 88 6245
36 89 7114
36 90 3957
36 91 4646
36 92 6064
36 93 6288
36 94 461
36 95 4735
36 96 2507
36 97 869
36 98 3803
36 99 6623
36 100 3339
37 1 1412
37 2 1671
37 3 6202
37 4 5303
37 5 4900
37 6 5528
37 7 3917
37 8 3972
37 9 1153
37 10 4563
37 11 4735
37 12 3363
37 13 3332
37 14 3318
37 15 4006
37 16 6662
37 17 1760
37 18 5077
37 19 1063
37 20 3939
37 21 6877
37 22 1594
37 23 3909
37 24 4423
37 25 4419
37 26 5070
37 27 5250
37 28 5470
37 29 4550
37 30 3626
37 31 5614
37 32 6294
37 33 3636
37 34 1379
37 35 1007
37 36 4350
37 37 0
37 38 5882
37 39 4795
37 40 4245
37 41 2818
37 42 7575
37 43 2795
37 44 5728
37 45 2856
37 46 1263
37 47 2036
37 48 5690
37 49 3457
37 50 1874
37 51 3755
37 52 5208
37 53 5118
37 54 574
37 55 4151
37 56 3459
37 57 5267
37 58 4178
37 59 5532
37 60 4665
37 61 2909
37 62 559
37 63 3883
37 64 3618
37 65 676
37 66 6379
37 67 3335
37 68 5852
37 69 6091
37 70 2910
37 71 3936
37 72 3385
37 73 4797
37 74 3829
37 75 3822
37 76 2928
37 77 1769
37 78 5583
37 79 3022
37 80 7723
37 81 3590
37 82 5178
37 83 4828
37 84 5299
37 85 3072
37 86 5318
37 87 5449
37 88 6324
37 89 4950
37 90 5812
37 91 6152
37 92 1954
37 93 7230
37 94 3948
37 95 918
37 96 1849
37 97 4766
37 98 4978
37 99 3935
37 100 2083
38 1 5205
38 2 5691
38 3 1540
38 4 4453
38 5 5611
38 6 5174
38 7 4493
38 8 3262
38 9 7033
38 10 2702
38 11 4796
38 12 5095
38 13 4833
38 14 2751
38 15 4006
38 16 789
38 17 4810
38 18 2725
38 19 6107
38 20 5168
