set N := 1 2 3 4 5 6 7 8 9 10 11 12 13 14 15 16 17 18 19 20 21 22 23 24 25 26 27 28 29 30 31 32 33 34 35 36 37 38 39 40 41 42 43 44 45 46 47 48 49 50 51 52 53 54 55 56 57 58 59 60 61 62 63 64 65 66 67 68 69 70 71 72 73 74 75 76 77 78 79 80 81 82 83 84 85 86 87 88 89 90 91 92 93 94 95 96 97 98 99 100 ;
set M := 1 2 3 4 5 6 7 8 9 10 11 12 13 14 15 16 17 18 19 20 21 22 23 24 25 26 27 28 29 30 31 32 33 34 35 36 37 38 39 40 41 42 43 44 45 46 47 48 49 50 51 52 53 54 55 56 57 58 59 60 61 62 63 64 65 66 67 68 69 70 71 72 73 74 75 76 77 78 79 80 81 82 83 84 85 86 87 88 89 90 91 92 93 94 95 96 97 98 99 100 ;
param d :=
1 1 0
1 2 5158
1 3 5650
1 4 4664
1 5 2758
1 6 5653
1 7 3630
1 8 6074
1 9 5231
1 10 2427
1 11 3498
1 12 3183
1 13 7221
1 14 4300
1 15 4368
1 16 2965
1 17 3015
1 18 1263
1 19 6396
1 20 7098
1 21 4379
1 22 2654
1 23 3913
1 24 6332
1 25 2653
1 26 3140
1 27 5788
1 28 853
1 29 3418
1 30 3420
1 31 3086
1 32 656
1 33 2638
1 34 1562
1 35 4141
1 36 5568
1 37 2824
1 38 3369
1 39 6721
1 40 2929
1 41 4727
1 42 3918
1 43 4895
1 44 4178
1 45 4342
1 46 4826
1 47 1482
1 48 3593
1 49 6553
1 50 1184
1 51 3172
1 52 2566
1 53 4995
1 54 6759
1 55 5364
1 56 2857
1 57 4793
1 58 4359
1 59 4315
1 60 2520
1 61 4413
1 62 3122
1 63 1565
1 64 5063
1 65 6752
1 66 2696
1 67 1640
1 68 4288
1 69 6898
1 70 4417
1 71 2789
1 72 3553
1 73 7194
1 74 2393
1 75 5204
1 76 6207
1 77 2627
1 78 4633
1 79 6649
1 80 5304
1 81 6769
1 82 1159
1 83 4088
1 84 5478
1 85 109
1 86 6909
1 87 1596
1 88 1328
1 89 5829
1 90 3052
1 91 3683
1 92 3720
1 93 1908
1 94 6708
1 95 3873
1 96 1626
1 97 3245
1 98 7001
1 99 1413
1 100 3174
2 1 5158
2 2 0
2 3 1503
2 4 1664
2 5 2422
2 6 3417
2 7 2886
2 8 1620
2 9 226
2 10 5110
2 11 2305
2 12 3656
2 13 2209
2 14 3121
2 15 790
2 16 3446
2 17 3065
2 18 4997
2 19 2159
2 20 3174
2 21 5071
2 22 5872
2 23 3141
2 24 1510
2 25 4190
2 26 4852
2 27 2484
2 28 4317
2 29 1764
2 30 5665
2 31 4110
2 32 4617
2 33 2768
2 34 4308
2 35 2057
2 36 1965
2 37 3174
2 38 3187
2 39 4923
2 40 4793
2 41 1855
2 42 1494
2 43 2729
2 44 1011
2 45 2045
2 46 4299
2 47 5468
2 48 1574
2 49 3522
2 50 3978
2 51 2082
2 52 4699
2 53 1180
2 54 3162
2 55 288
2 56 4869
2 57 1115
2 58 5808
2 59 4542
2 60 2657
2 61 5943
2 62 3547
2 63 3601
2 64 3530
2 65 3758
2 66 3202
2 67 3857
2 68 1218
2 69 2300
2 70 2145
2 71 2412
2 72 3430
2 73 3887
2 74 5027
2 75 4379
2 76 4828
2 77 4688
2 78 5573
2 79 3611
2 80 1494
2 81 1711
2 82 4012
2 83 1071
2 84 3204
2 85 5058
2 86 2858
2 87 4276
2 88 5410
2 89 5091
2 90 3325
2 91 2015
2 92 1873
2 93 5464
2 94 1580
2 95 1293
2 96 3860
2 97 3754
2 98 4880
2 99 3882
2 100 2690
3 1 5650
3 2 1503
3 3 0
3 4 1035
3 5 3202
3 6 4920
3 7 2456
3 8 2947
3 9 1279
3 10 4914
3 11 2212
3 12 3279
3 13 1788
3 14 4548
3 15 1852
3 16 3202
3 17 4236
3 18 5148
3 19 3479
3 20 4478
3 21 6438
3 22 6905
3 23 4511
3 24 2643
3 25 3952
3 26 6050
3 27 3963
3 28 4802
3 29 2668
3 30 6854
3 31 5325
3 32 5230
3 33 3018
3 34 5174
3 35 3451
3 36 3447
3 37 4300
3 38 4455
3 39 6422
3 40 5958
3 41 1067
3 42 2721
3 43 4219
3 44 2128
3 45 1468
3 46 5748
3 47 6296
3 48 2286
3 49 4976
3 50 4553
3 51 3039
3 52 4460
3 53 2682
3 54 4549
3 55 1271
3 56 6016
3 57 2601
3 58 7125
3 59 5927
3 60 3399
3 61 7257
3 62 4770
3 63 4116
3 64 5017
3 65 5205
3 66 3165
3 67 4679
3 68 2566
3 69 3425
3 70 1471
3 71 2917
3 72 2928
3 73 5281
3 74 6078
3 75 5853
3 76 6331
3 77 5800
3 78 6940
3 79 5060
3 80 2989
3 81 2489
3 82 4604
3 83 1966
3 84 4707
3 85 5542
3 86 4153
3 87 5149
3 88 6209
3 89 6579
3 90 3071
3 91 3269
3 92 3112
3 93 6385
3 94 2208
3 95 2079
3 96 4678
3 97 5003
3 98 6367
3 99 4250
3 100 2601
4 1 4664
4 2 1664
4 3 1035
4 4 0
4 5 2405
4 6 4855
4 7 1452
4 8 3284
4 9 1510
4 10 3896
4 11 1186
4 12 2279
4 13 2796
4 14 4208
4 15 1518
4 16 2177
4 17 3621
4 18 4116
4 19 3823
4 20 4838
4 21 5953
4 22 6118
4 23 4087
4 24 3127
4 25 2934
4 26 5397
4 27 4056
4 28 3825
4 29 2004
4 30 6179
4 31 4705
4 32 4282
4 33 2027
4 34 4330
4 35 3119
4 36 3545
4 37 3646
4 38 3915
4 39 6387
4 40 5279
4 41 207
4 42 2287
4 43 4047
4 44 1733
4 45 461
4 46 5413
4 47 5413
4 48 1576
4 49 5117
4 50 3607
4 51 2361
4 52 3446
4 53 2670
4 54 4809
4 55 1592
4 56 5324
4 57 2516
4 58 6567
4 59 5480
4 60 2567
4 61 6694
4 62 4174
4 63 3162
4 64 4806
4 65 5358
4 66 2131
4 67 3827
4 68 2274
4 69 3931
4 70 515
4 71 2015
4 72 1957
4 73 5526
4 74 5317
4 75 5582
4 76 6202
4 77 5087
4 78 6447
4 79 5211
4 80 3059
4 81 3162
4 82 3663
4 83 1469
4 84 4626
4 85 4555
4 86 4522
4 87 4309
4 88 5315
4 89 6343
4 90 2045
4 91 2793
4 92 2638
4 93 5545
4 94 2930
4 95 1471
4 96 3824
4 97 4424
4 98 6398
4 99 3254
4 100 1568
5 1 2758
5 2 2422
5 3 3202
5 4 2405
5 5 0
5 6 3604
5 7 2229
5 8 3374
5 9 2520
5 10 3348
5 11 1611
5 12 2520
5 13 4565
5 14 2456
5 15 1633
5 16 2184
5 17 1386
5 18 2840
5 19 3756
5 20 4579
5 21 3772
5 22 3720
5 23 2171
5 24 3589
5 25 2664
5 26 3035
5 27 3346
5 28 1940
5 29 662
5 30 3794
5 31 2391
5 32 2196
5 33 1072
5 34 1974
5 35 1718
5 36 3007
5 37 1343
5 38 1786
5 39 5013
5 40 2900
5 41 2553
5 42 1205
5 43 2718
5 44 1424
5 45 2296
5 46 3519
5 47 3112
5 48 927
5 49 4295
5 50 1573
5 51 461
5 52 3062
5 53 2300
5 54 4320
5 55 2649
5 56 2936
5 57 2085
5 58 4276
5 59 3378
5 60 237
5 61 4395
5 62 1921
5 63 1247
5 64 3239
5 65 4527
5 66 1724
5 67 1485
5 68 1564
5 69 4203
5 70 2423
5 71 572
5 72 2592
5 73 4887
5 74 2912
5 75 3796
5 76 4650
5 77 2690
5 78 4237
5 79 4397
5 80 2657
5 81 4011
5 82 1601
5 83 1373
5 84 3381
5 85 2662
5 86 4344
5 87 1948
5 88 3036
5 89 4566
5 90 2137
5 91 1179
5 92 1136
5 93 3183
5 94 3952
5 95 1180
5 96 1485
5 97 2178
5 98 5167
5 99 1626
5 100 1630
6 1 5653
6 2 3417
6 3 4920
6 4 4855
6 5 3604
6 6 0
6 7 5539
6 8 2352
6 9 3641
6 10 6929
6 11 4832
6 12 6044
6 13 5030
6 14 1354
6 15 3340
6 16 5725
6 17 2655
6 18 6240
6 19 2097
6 20 1998
6 21 2659
6 22 4679
6 23 1741
6 24 2870
6 25 6265
6 26 3327
6 27 1113
6 28 5091
6 29 3321
6 30 3943
6 31 2827
6 32 4998
6 33 4640
6 34 4145
6 35 1927
6 36 1547
6 37 2840
6 38 2284
6 39 1531
6 40 3429
6 41 5062
6 42 2727
6 43 891
6 44 3159
6 45 5078
6 46 1548
6 47 5018
6 48 3640
6 49 1004
6 50 4688
6 51 3199
6 52 6664
6 53 2242
6 54 1528
6 55 3660
6 56 3545
6 57 2355
6 58 3496
6 59 2173
6 60 3738
6 61 3622
6 62 2568
6 63 4604
6 64 693
6 65 1144
6 66 5291
6 67 4021
6 68 2608
6 69 2689
6 70 5210
6 71 4101
6 72 6017
6 73 1636
6 74 4006
6 75 1351
6 76 1425
6 77 3566
6 78 3053
6 79 1079
6 80 1946
6 81 3478
6 82 4670
6 83 3452
6 84 233
6 85 5599
6 86 2031
6 87 4107
6 88 5060
6 89 1834
6 90 5653
6 91 2449
6 92 2541
6 93 4735
6 94 3702
6 95 3553
6 96 4036
6 97 2521
6 98 1589
6 99 5056
6 100 5043
7 1 3630
7 2 2886
7 3 2456
7 4 1452
7 5 2229
7 6 5539
7 7 0
7 8 4446
7 9 2797
7 10 2459
7 11 706
7 12 827
7 13 4240
7 14 4584
7 15 2393
7 16 772
7 17 3615
7 18 2836
7 19 4960
7 20 5948
7 21 5997
7 22 5584
7 23 4350
7 24 4396
7 25 1499
7 26 5172
7 27 4959
7 28 2871
7 29 2240
7 30 5872
7 31 4586
7 32 3409
7 33 1280
7 34 3755
7 35 3628
7 36 4489
7 37 3563
7 38 4009
7 39 7038
7 40 5011
7 41 1389
7 42 2812
7 43 4658
7 44 2466
7 45 993
7 46 5715
7 47 4675
7 48 1899
7 49 6012
7 50 2787
7 51 2462
7 52 2004
7 53 3603
7 54 5832
7 55 2908
7 56 5024
7 57 3401
7 58 6460
7 59 5607
7 60 2261
7 61 6573
7 62 4145
7 63 2358
7 64 5314
7 65 6257
7 66 935
7 67 3275
7 68 2983
7 69 5180
7 70 986
7 71 1659
7 72 544
7 73 6510
7 74 4876
7 75 5965
7 76 6746
7 77 4758
7 78 6454
7 79 6113
7 80 4020
7 81 4530
7 82 2852
7 83 2174
7 84 5305
7 85 3523
7 86 5650
7 87 3746
7 88 4550
7 89 6741
7 90 646
7 91 3150
7 92 3028
7 93 4910
7 94 4325
7 95 2019
7 96 3266
7 97 4401
7 98 7127
7 99 2260
7 100 613
8 1 6074
8 2 1620
8 3 2947
8 4 3284
8 5 3374
8 6 2352
8 7 4446
8 8 0
8 9 1786
8 10 6499
8 11 3808
8 12 5170
8 13 2687
8 14 2731
8 15 2085
8 16 4923
8 17 3355
8 18 6191
8 19 541
8 20 1557
8 21 4671
8 22 6104
8 23 2947
8 24 520
8 25 5631
8 26 4866
8 27 1241
8 28 5297
8 29 2765
8 30 5639
8 31 4163
8 32 5457
8 33 4068
8 34 4891
8 35 2074
8 36 867
8 37 3526
8 38 3259
8 39 3687
8 40 4878
8 41 3474
8 42 2172
8 43 2047
8 44 2113
8 45 3658
8 46 3670
8 47 6007
8 48 2805
8 49 2093
8 50 4908
8 51 2925
8 52 6122
8 53 1080
8 54 1603
8 55 1732
8 56 4978
8 57 1289
8 58 5496
8 59 4125
8 60 3602
8 61 5631
8 62 3658
8 63 4621
8 64 2752
8 65 2305
8 66 4609
8 67 4541
8 68 1810
8 69 828
8 70 3762
8 71 3600
8 72 4988
8 73 2335
8 74 5286
8 75 3607
8 76 3747
8 77 4875
8 78 5141
8 79 2165
8 80 813
8 81 1142
8 82 4923
8 83 2353
8 84 2203
8 85 5988
8 86 1238
8 87 4853
8 88 5989
8 89 4183
8 90 4812
8 91 2419
8 92 2360
8 93 5881
8 94 1349
8 95 2564
8 96 4549
8 97 3780
8 98 3549
8 99 4993
8 100 4157
9 1 5231
9 2 226
9 3 1279
9 4 1510
9 5 2520
9 6 3641
9 7 2797
9 8 1786
9 9 0
9 10 5077
9 11 2252
9 12 3585
9 13 2062
9 14 3339
9 15 892
9 16 3392
9 17 3240
9 18 5017
9 19 2328
9 20 3344
9 21 5282
9 22 6033
9 23 3350
9 24 1622
9 25 4145
9 26 5037
9 27 2698
9 28 4385
9 29 1873
9 30 5850
9 31 4296
9 32 4707
9 33 2780
9 34 4438
9 35 2267
9 36 2179
9 37 3342
9 38 3380
9 39 5145
9 40 4973
9 41 1693
9 42 1666
9 43 2955
9 44 1142
9 45 1915
9 46 4521
9 47 5596
9 48 1638
9 49 3729
9 50 4058
9 51 2208
9 52 4657
9 53 1405
9 54 3352
9 55 133
9 56 5046
9 57 1340
9 58 6012
9 59 4755
9 60 2752
9 61 6147
9 62 3733
9 63 3668
9 64 3756
9 65 3964
9 66 3176
9 67 3977
9 68 1414
9 69 2423
9 70 2006
9 71 2461
9 72 3339
9 73 4080
9 74 5189
9 75 4603
9 76 5053
9 77 4859
9 78 5784
9 79 3817
9 80 1714
9 81 1745
9 82 4095
9 83 1149
9 84 3429
9 85 5130
9 86 3025
9 87 4407
9 88 5533
9 89 5316
9 90 3268
9 91 2199
9 92 2052
9 93 5606
9 94 1576
9 95 1359
9 96 3979
9 97 3945
9 98 5097
9 99 3928
9 100 2647
10 1 2427
10 2 5110
10 3 4914
10 4 3896
10 5 3348
10 6 6929
10 7 2459
10 8 6499
10 9 5077
10 10 0
10 11 2834
10 12 1650
10 13 6692
10 14 5687
10 15 4437
10 16 1721
10 17 4403
10 18 1164
10 19 6956
10 20 7860
10 21 6410
10 22 5049
10 23 5341
10 24 6571
10 25 962
10 26 5265
10 27 6677
10 28 2224
10 29 3806
10 30 5714
10 31 4966
10 32 2700
10 33 2438
10 34 3556
10 35 5067
10 36 6298
10 37 4255
10 38 4838
10 39 8266
10 40 5058
10 41 3847
10 42 4458
10 43 6053
10 44 4386
10 45 3446
10 46 6557
10 47 3894
10 48 3695
10 49 7643
10 50 2508
10 51 3792
10 52 458
10 53 5494
10 54 7639
10 55 5202
10 56 5016
10 57 5273
10 58 6573
10 59 6200
10 60 3193
10 61 6649
10 62 4762
10 63 2396
10 64 6493
10 65 7875
10 66 1908
10 67 3298
10 68 4764
10 69 7301
10 70 3446
10 71 2945
10 72 2043
10 73 8230
10 74 4640
10 75 6896
10 76 7840
10 77 4751
10 78 6756
10 79 7746
10 80 5894
10 81 6817
10 82 2559
10 83 4155
10 84 6712
10 85 2361
10 86 7599
10 87 3573
10 88 3740
10 89 7620
10 90 1852
10 91 4528
10 92 4477
10 93 4294
10 94 6652
10 95 3937
10 96 3282
10 97 4971
10 98 8461
10 99 1948
10 100 2432
11 1 3498
11 2 2305
11 3 2212
11 4 1186
11 5 1611
11 6 4832
11 7 706
11 8 3808
11 9 2252
11 10 2834
11 11 0
11 12 1362
11 13 3927
11 14 3895
11 15 1730
11 16 1141
11 17 2987
11 18 2938
11 19 4310
11 20 5284
11 21 5378
11 22 5165
11 23 3676
11 24 3802
11 25 1893
11 26 4626
11 27 4264
11 28 2671
11 29 1542
11 30 5360
11 31 4001
11 32 3158
11 33 883
11 34 3337
11 35 2924
11 36 3802
11 37 2954
11 38 3363
11 39 6334
11 40 4479
11 41 1230
11 42 2105
11 43 3953
11 44 1776
11 45 848
11 46 5042
11 47 4353
11 48 1192
11 49 5314
11 50 2493
11 51 1787
11 52 2406
11 53 2921
11 54 5151
11 55 2374
11 56 4504
11 57 2715
11 58 5885
11 59 4966
11 60 1689
11 61 6002
11 62 3530
11 63 2045
11 64 4616
11 65 5558
11 66 968
11 67 2839
11 68 2283
11 69 4569
11 70 937
11 71 1072
11 72 1211
11 73 5821
11 74 4410
11 75 5281
11 76 6048
11 77 4246
11 78 5847
11 79 5415
11 80 3339
11 81 3997
11 82 2553
11 83 1491
11 84 4599
11 85 3388
11 86 4992
11 87 3322
11 88 4242
11 89 6058
11 90 1020
11 91 2453
11 92 2328
11 93 4535
11 94 3821
11 95 1322
11 96 2832
11 97 3787
11 98 6421
11 99 2085
11 100 406
12 1 3183
12 2 3656
12 3 3279
12 4 2279
12 5 2520
12 6 6044
12 7 827
12 8 5170
12 9 3585
12 10 1650
12 11 1362
12 12 0
12 13 5065
12 14 4972
12 15 3088
12 16 340
12 17 3856
12 18 2199
12 19 5669
12 20 6635
12 21 6168
12 22 5423
12 23 4692
12 24 5160
12 25 711
12 26 5215
12 27 5573
12 28 2538
12 29 2728
12 30 5845
12 31 4713
12 32 3103
12 33 1448
12 34 3643
12 35 4117
12 36 5130
12 37 3766
12 38 4281
12 39 7504
12 40 5034
12 41 2212
12 42 3358
12 43 5153
12 44 3113
12 45 1821
12 46 6031
12 47 4408
12 48 2470
12 49 6606
12 50 2573
12 51 2861
12 52 1192
12 53 4261
12 54 6484
12 55 3701
12 56 5028
12 57 4049
12 58 6537
12 59 5834
12 60 2474
12 61 6638
12 62 4344
12 63 2209
12 64 5743
12 65 6848
12 66 812
12 67 3213
12 68 3588
12 69 5931
12 70 1807
12 71 1967
12 72 413
12 73 7137
12 74 4797
12 75 6316
12 76 7163
12 77 4754
12 78 6595
12 79 6708
12 80 4678
12 81 5327
12 82 2640
12 83 2838
12 84 5814
12 85 3081
12 86 6347
12 87 3643
12 88 4269
12 89 7084
12 90 391
12 91 3601
12 92 3503
12 93 4705
12 94 5133
12 95 2651
12 96 3201
12 97 4591
12 98 7630
12 99 1958
12 100 1031
13 1 7221
13 2 2209
13 3 1788
13 4 2796
13 5 4565
13 6 5030
13 7 4240
13 8 2687
13 9 2062
13 10 6692
13 11 3927
13 12 5065
13 13 0
13 14 5139
13 15 2953
13 16 4973
13 17 5266
13 18 6854
13 19 3072
13 20 3877
13 21 7127
13 22 8081
13 23 5235
13 24 2184
13 25 5730
13 26 7032
13 27 3926
13 28 6368
13 29 3930
13 30 7843
13 31 6290
13 32 6730
13 33 4651
13 34 6500
13 35 4167
13 36 3494
13 37 5381
13 38 5356
13 39 6361
13 40 6985
13 41 2853
13 42 3702
13 43 4584
13 44 3205
13 45 3247
13 46 6231
13 47 7657
13 48 3655
13 49 4723
13 50 6068
13 51 4270
13 52 6241
13 53 3097
13 54 4127
13 55 1942
13 56 7064
13 57 3148
13 58 7907
13 59 6583
13 60 4792
13 61 8044
13 62 5730
13 63 5657
13 64 5357
13 65 4908
13 66 4895
13 67 6035
13 68 3403
13 69 2703
13 70 3258
13 71 4432
13 72 4717
13 73 4809
13 74 7236
13 75 6226
13 76 6434
13 77 6891
13 78 7622
13 79 4780
13 80 3191
13 81 1650
13 82 6110
13 83 3194
13 84 4865
13 85 7116
13 86 3580
13 87 6469
13 88 7592
13 89 6848
13 90 4842
13 91 4210
13 92 4074
13 93 7668
13 94 1366
13 95 3387
13 96 6037
13 97 5924
13 98 6194
13 99 5863
13 100 4330
14 1 4300
14 2 3121
14 3 4548
14 4 4208
14 5 2456
14 6 1354
14 7 4584
14 8 2731
14 9 3339
14 10 5687
14 11 3895
14 12 4972
14 13 5139
14 14 0
14 15 2738
14 16 4637
14 17 1321
14 18 4930
14 19 2743
14 20 3071
14 21 1988
14 22 3508
14 23 387
14 24 3215
14 25 5099
14 26 2192
14 27 1805
14 28 3760
14 29 2357
14 30 2928
14 31 1568
14 32 3646
14 33 3527
14 34 2793
14 35 1102
14 36 1892
14 37 1499
14 38 931
14 39 2581
14 40 2245
14 41 4408
14 42 1920
14 43 754
14 44 2487
14 45 4323
14 46 1208
14 47 3706
14 48 2753
14 49 2297
14 50 3361
14 51 2128
14 52 5459
14 53 2044
14 54 2647
14 55 3405
14 56 2355
14 57 2025
14 58 2785
14 59 1444
14 60 2543
14 61 2922
14 62 1225
14 63 3316
14 64 807
14 65 2475
14 66 4180
14 67 2673
14 68 1987
14 69 3366
14 70 4459
14 71 3005
14 72 5010
14 73 2945
14 74 2759
14 75 1391
14 76 2193
14 77 2320
14 78 2482
14 79 2387
14 80 1996
14 81 3834
14 82 3339
14 83 2739
14 84 1192
14 85 4248
14 86 2987
14 87 2755
14 88 3737
14 89 2166
14 90 4585
14 91 1453
14 92 1594
14 93 3458
14 94 3969
14 95 2760
14 96 2688
14 97 1218
14 98 2782
14 99 3772
14 100 4028
15 1 4368
15 2 790
15 3 1852
15 4 1518
15 5 1633
15 6 3340
15 7 2393
15 8 2085
15 9 892
15 10 4437
15 11 1730
15 12 3088
15 13 2953
15 14 2738
15 15 0
15 16 2837
15 17 2411
15 18 4243
15 19 2580
15 20 3556
15 21 4589
15 22 5166
15 23 2669
15 24 2137
15 25 3550
15 26 4224
15 27 2603
15 28 3528
15 29 981
15 30 5034
15 31 3491
15 32 3828
15 33 2036
15 34 3546
15 35 1636
15 36 2113
15 37 2495
15 38 2605
15 39 4872
15 40 4145
15 41 1725
15 42 869
15 43 2529
15 44 278
15 45 1751
15 46 3946
15 47 4704
15 48 797
15 49 3667
15 50 3188
15 51 1317
15 52 4047
15 53 1220
15 54 3443
15 55 1019
15 56 4211
15 57 1034
15 58 5273
15 59 4084
15 60 1868
15 61 5405
15 62 2931
15 63 2813
15 64 3295
15 65 3911
15 66 2534
15 67 3084
15 68 763
15 69 2868
15 70 1879
15 71 1639
15 72 2928
15 73 4132
15 74 4325
15 75 4090
15 76 4684
15 77 4012
15 78 5090
15 79 3765
15 80 1635
15 81 2452
15 82 3222
15 83 292
15 84 3110
15 85 4268
15 86 3262
15 87 3516
15 88 4640
15 89 4842
15 90 2727
15 91 1417
15 92 1260
15 93 4721
15 94 2353
15 95 520
15 96 3087
15 97 3158
15 98 4895
15 99 3106
15 100 2072
16 1 2965
16 2 3446
16 3 3202
16 4 2177
16 5 2184
16 6 5725
16 7 772
16 8 4923
16 9 3392
16 10 1721
16 11 1141
16 12 340
16 13 4973
16 14 4637
16 15 2837
16 16 0
16 17 3516
16 18 2079
16 19 5412
16 20 6366
16 21 5829
16 22 5125
16 23 4354
16 24 4938
16 25 763
16 26 4884
16 27 5279
16 28 2274
16 29 2416
16 30 5524
16 31 4375
16 32 2834
16 33 1111
16 34 3331
16 35 3798
16 36 4846
16 37 3425
16 38 3940
16 39 7176
16 40 4705
16 41 2140
16 42 3054
16 43 4833
16 44 2841
16 45 1733
16 46 5692
16 47 4133
16 48 2182
16 49 6305
16 50 2276
16 51 2534
16 52 1279
16 53 3987
16 54 6201
16 55 3512
16 56 4702
16 57 3772
16 58 6204
16 59 5493
16 60 2133
16 61 6307
16 62 4003
16 63 1895
16 64 5412
16 65 6546
16 66 471
16 67 2892
16 68 3299
16 69 5697
16 70 1745
16 71 1635
16 72 595
16 73 6845
16 74 4482
16 75 5978
16 76 6830
16 77 4429
16 78 6257
16 79 6407
16 80 4402
16 81 5137
16 82 2343
16 83 2576
16 84 5495
16 85 2860
16 86 6083
16 87 3329
16 88 3998
16 89 6746
16 90 131
16 91 3277
16 92 3184
16 93 4415
16 94 4957
16 95 2379
16 96 2879
16 97 4250
16 98 7307
16 99 1678
16 100 765
17 1 3015
17 2 3065
17 3 4236
17 4 3621
17 5 1386
17 6 2655
17 7 3615
17 8 3355
17 9 3240
17 10 4403
17 11 2987
17 12 3856
17 13 5266
17 14 1321
17 15 2411
17 16 3516
17 17 0
17 18 3610
17 19 3558
17 20 4136
17 21 2391
17 22 2830
17 23 950
17 24 3737
17 25 3885
17 26 1815
17 27 2817
17 28 2440
17 29 1617
17 30 2623
17 31 1091
17 32 2359
17 33 2419
17 34 1590
17 35 1281
17 36 2683
17 37 192
17 38 437
17 39 3875
17 40 1735
17 41 3796
17 42 1573
17 43 1880
17 44 2133
17 45 3602
17 46 2191
17 47 2659
17 48 2045
17 49 3538
17 50 2040
17 51 1263
17 52 4205
17 53 2359
17 54 3769
17 55 3346
17 56 1806
17 57 2217
17 58 2947
17 59 1993
17 60 1385
17 61 3073
17 62 554
17 63 2013
17 64 2121
17 65 3738
17 66 3045
17 67 1375
17 68 1865
17 69 4130
17 70 3735
17 71 1957
17 72 3964
17 73 4179
17 74 1986
17 75 2506
17 76 3437
17 77 1625
17 78 2865
17 79 3634
17 80 2542
17 81 4293
17 82 2019
17 83 2270
17 84 2469
17 85 2955
17 86 3981
17 87 1551
17 88 2652
17 89 3255
17 90 3485
17 91 1057
17 92 1192
17 93 2529
17 94 4335
17 95 2181
17 96 1389
17 97 809
17 98 4097
17 99 2468
17 100 3014
18 1 1263
18 2 4997
18 3 5148
18 4 4116
18 5 2840
18 6 6240
18 7 2836
18 8 6191
18 9 5017
18 10 1164
18 11 2938
18 12 2199
18 13 6854
18 14 4930
18 15 4243
18 16 2079
18 17 3610
18 18 0
18 19 6592
18 20 7415
18 21 5400
18 22 3897
18 23 4560
18 24 6352
18 25 1551
18 26 4209
18 27 6157
18 28 1212
18 29 3426
18 30 4599
18 31 3997
18 32 1594
18 33 2237
18 34 2511
18 35 4494
18 36 5844
18 37 3439
18 38 4026
18 39 7474
18 40 3999
18 41 4126
18 42 4038
18 43 5402
18 44 4122
18 45 3718
18 46 5670
18 47 2735
18 48 3449
18 49 7046
18 50 1580
18 51 3301
18 52 1343
18 53 5128
18 54 7137
18 55 5149
18 56 3946
18 57 4910
18 58 5493
18 59 5246
18 60 2632
18 61 5560
18 62 3881
18 63 1650
18 64 5732
18 65 7266
18 66 1987
18 67 2347
18 68 4386
18 69 7016
18 70 3760
18 71 2612
18 72 2606
18 73 7664
18 74 3536
18 75 6029
18 76 7006
18 77 3690
18 78 5712
18 79 7147
18 80 5496
18 81 6695
18 82 1613
18 83 3950
18 84 6038
18 85 1199
18 86 7183
18 87 2534
18 88 2580
18 89 6718
18 90 2195
18 91 3972
18 92 3958
18 93 3143
18 94 6577
18 95 3723
18 96 2331
18 97 4061
18 98 7707
18 99 1218
18 100 2547
19 1 6396
19 2 2159
19 3 3479
19 4 3823
19 5 3756
19 6 2097
19 7 4960
19 8 541
19 9 2328
19 10 6956
19 11 4310
19 12 5669
19 13 3072
19 14 2743
19 15 2580
19 16 5412
19 17 3558
19 18 6592
19 19 0
19 20 1016
19 21 4594
19 22 6213
19 23 3016
19 24 910
19 25 6107
19 26 4929
19 27 1017
19 28 5646
19 29 3179
19 30 5671
19 31 4258
19 32 5763
19 33 4518
19 34 5132
19 35 2292
19 36 882
19 37 3740
19 38 3398
19 39 3299
19 40 4963
19 41 4014
19 42 2553
19 43 2005
19 44 2579
19 45 4192
19 46 3538
19 47 6216
19 48 3264
19 49 1650
19 50 5248
19 51 3297
19 52 6590
19 53 1469
19 54 1092
19 55 2273
19 56 5069
19 57 1690
19 58 5432
19 59 4059
19 60 3974
19 61 5566
19 62 3792
19 63 4991
19 64 2604
19 65 1841
19 66 5081
19 67 4819
19 68 2211
19 69 626
19 70 4298
19 71 4031
19 72 5500
19 73 1817
19 74 5419
19 75 3421
19 76 3426
19 77 4994
19 78 5042
19 79 1710
19 80 1100
19 81 1438
19 82 5258
19 83 2836
19 84 1992
19 85 6314
19 86 699
19 87 5094
19 88 6211
19 89 3924
19 90 5305
19 91 2713
19 92 2680
19 93 6054
19 94 1706
19 95 3038
19 96 4829
19 97 3880
19 98 3121
19 99 5382
19 100 4649
20 1 7098
20 2 3174
20 3 4478
20 4 4838
20 5 4579
20 6 1998
20 7 5948
20 8 1557
20 9 3344
20 10 7860
20 11 5284
20 12 6635
20 13 3877
20 14 3071
20 15 3556
20 16 6366
20 17 4136
20 18 7415
20 19 1016
20 20 0
20 21 4657
20 22 6570
20 23 3415
20 24 1850
20 25 7041
20 26 5233
20 27 1319
20 28 6399
20 29 4055
20 30 5903
20 31 4640
20 32 6449
20 33 5425
20 34 5726
20 35 2961
20 36 1572
20 37 4327
20 38 3887
20 39 2749
20 40 5306
20 41 5030
20 42 3407
20 43 2330
20 44 3524
20 45 5202
20 46 3546
20 47 6740
20 48 4194
20 49 1129
20 50 5992
20 51 4118
20 52 7512
20 53 2380
20 54 473
20 55 3288
20 56 5418
20 57 2598
20 58 5495
20 59 4163
20 60 4782
20 61 5620
20 62 4253
20 63 5781
20 64 2659
20 65 1203
20 66 6014
20 67 5476
20 68 3097
20 69 1174
20 70 5310
20 71 4916
20 72 6484
20 73 948
20 74 5831
20 75 3327
20 76 3034
20 77 5392
20 78 5048
20 79 1128
20 80 1970
20 81 2237
20 82 5993
20 83 3797
20 84 2008
20 85 7024
20 86 324
20 87 5687
20 88 6755
20 89 3646
20 90 6264
20 91 3454
20 92 3456
20 93 6521
20 94 2541
20 95 3987
20 96 5488
20 97 4285
20 98 2474
20 99 6196
20 100 5607
21 1 4379
21 2 5071
21 3 6438
21 4 5953
21 5 3772
21 6 2659
21 7 5997
21 8 4671
21 9 5282
21 10 6410
21 11 5378
21 12 6168
21 13 7127
21 14 1988
21 15 4589
21 16 5829
21 17 2391
21 18 5400
21 19 4594
21 20 4657
21 21 0
21 22 2391
21 23 1932
21 24 5171
21 25 6083
21 26 1253
21 27 3585
21 28 4205
21 29 3963
21 30 1454
21 31 1466
21 32 3833
21 33 4766
21 34 2890
21 35 3014
21 36 3807
21 37 2433
21 38 2043
21 39 2833
21 40 1458
21 41 6139
21 42 3723
21 43 2623
21 44 4318
21 45 5975
21 46 1113
21 47 3192
21 48 4394
21 49 3618
21 50 3902
21 51 3634
21 52 6313
21 53 4030
21 54 4187
21 55 5359
21 56 1545
21 57 3999
21 58 842
21 59 547
21 60 3741
21 61 973
21 62 1851
21 63 4084
21 64 2015
21 65 3688
21 66 5359
21 67 3114
21 68 3883
21 69 5218
21 70 6110
21 71 4337
21 72 6318
21 73 4189
21 74 2061
21 75 1401
21 76 2246
21 77 1754
21 78 502
21 79 3670
21 80 3974
21 81 5796
21 82 3851
21 83 4523
21 84 2666
21 85 4376
21 86 4670
21 87 2866
21 88 3299
21 89 1644
21 90 5815
21 91 3182
21 92 3340
21 93 2775
21 94 5946
21 95 4484
21 96 3130
21 97 1595
21 98 3220
21 99 4494
21 100 5390
22 1 2654
22 2 5872
22 3 6905
22 4 6118
22 5 3720
22 6 4679
22 7 5584
22 8 6104
22 9 6033
22 10 5049
22 11 5165
22 12 5423
22 13 8081
22 14 3508
22 15 5166
22 16 5125
22 17 2830
22 18 3897
22 19 6213
22 20 6570
22 21 2391
22 22 0
22 23 3200
22 24 6526
22 25 5073
22 26 1352
22 27 5312
22 28 2936
22 29 4243
22 30 987
22 31 1955
22 32 2387
22 33 4325
22 34 1832
22 35 4058
22 36 5335
22 37 2701
22 38 2846
22 39 5196
22 40 1264
22 41 6255
22 42 4379
22 43 4262
22 44 4898
22 45 5958
22 46 3310
22 47 1174
22 48 4620
22 49 5684
22 50 2850
22 51 3875
22 52 5115
22 53 5169
22 54 6131
22 55 6147
22 56 1153
22 57 5041
22 58 1981
22 59 2639
22 60 3551
22 61 1984
22 62 2446
22 63 3241
22 64 3986
22 65 5810
22 66 4717
22 67 2325
22 68 4691
22 69 6823
22 70 6073
22 71 4129
22 72 5709
22 73 6311
22 74 845
22 75 3676
22 76 4613
22 77 1229
22 78 2408
22 79 5757
22 80 5299
22 81 7103
22 82 2783
22 83 4974
22 84 4598
22 85 2703
22 86 6495
22 87 1844
22 88 1327
22 89 4036
22 90 5166
22 91 3885
22 92 4013
22 93 755
22 94 7160
22 95 4831
22 96 2333
22 97 2333
22 98 5566
22 99 3471
22 100 4996
23 1 3913
23 2 3141
23 3 4511
23 4 4087
23 5 2171
23 6 1741
23 7 4350
23 8 2947
23 9 3350
23 10 5341
23 11 3676
23 12 4692
23 13 5235
23 14 387
23 15 2669
23 16 4354
23 17 950
23 18 4560
23 19 3016
23 20 3415
23 21 1932
23 22 3200
23 23 0
23 24 3407
23 25 4783
23 26 1921
23 27 2123
23 28 3382
23 29 2160
23 30 2693
23 31 1245
23 32 3260
23 33 3243
23 34 2407
23 35 1084
23 36 2143
23 37 1122
23 38 545
23 39 2927
23 40 1947
23 41 4281
23 42 1814
23 43 1085
23 44 2403
23 45 4163
23 46 1366
23 47 3337
23 48 2575
23 49 2678
23 50 2987
23 51 1889
23 52 5127
23 53 2147
23 54 3003
23 55 3429
23 56 2052
23 57 2088
23 58 2675
23 59 1415
23 60 2235
23 61 2811
23 62 848
23 63 2959
23 64 1172
23 65 2860
23 66 3890
23 67 2288
23 68 1951
23 69 3630
23 70 4300
23 71 2735
23 72 4753
23 73 3325
23 74 2424
23 75 1624
23 76 2506
23 77 1990
23 78 2435
23 79 2769
23 80 2171
23 81 4015
23 82 2963
23 83 2629
23 84 1577
23 85 3862
23 86 3312
23 87 2368
23 88 3364
23 89 2397
23 90 4309
23 91 1293
23 92 1448
23 93 3105
23 94 4124
23 95 2619
23 96 2303
23 97 874
23 98 3147
23 99 3415
23 100 3777
24 1 6332
24 2 1510
24 3 2643
24 4 3127
24 5 3589
24 6 2870
24 7 4396
24 8 520
24 9 1622
24 10 6571
24 11 3802
24 12 5160
24 13 2184
24 14 3215
24 15 2137
24 16 4938
24 17 3737
24 18 6352
24 19 910
24 20 1850
24 21 5171
24 22 6526
24 23 3407
24 24 0
24 25 5671
24 26 5317
24 27 1757
24 28 5529
24 29 2947
24 30 6100
24 31 4601
24 32 5733
24 33 4170
24 34 5230
24 35 2469
24 36 1381
24 37 3898
24 38 3681
24 39 4177
24 40 5317
24 41 3303
24 42 2416
24 43 2552
24 44 2230
24 45 3537
24 46 4184
24 47 6365
24 48 2912
24 49 2552
24 50 5152
24 51 3160
24 52 6174
24 53 1385
24 54 1999
24 55 1535
24 56 5414
24 57 1560
24 58 5991
24 59 4625
24 60 3824
24 61 6128
24 62 4080
24 63 4834
24 64 3269
24 65 2749
24 66 4664
24 67 4850
24 68 2045
24 69 804
24 70 3629
24 71 3741
24 72 4941
24 73 2717
24 74 5698
24 75 4127
24 76 4258
24 77 5296
24 78 5647
24 79 2616
24 80 1237
24 81 626
24 82 5174
24 83 2425
24 84 2723
24 85 6241
24 86 1528
24 87 5193
24 88 6338
24 89 4702
24 90 4821
24 91 2746
24 92 2664
24 93 6265
24 94 832
24 95 2649
24 96 4858
24 97 4218
24 98 4020
24 99 5178
24 100 4176
25 1 2653
25 2 4190
25 3 3952
25 4 2934
25 5 2664
25 6 6265
25 7 1499
25 8 5631
25 9 4145
25 10 962
25 11 1893
25 12 711
25 13 5730
25 14 5099
25 15 3550
25 16 763
25 17 3885
25 18 1551
25 19 6107
25 20 7041
25 21 6083
25 22 5073
25 23 4783
25 24 5671
25 25 0
25 26 5035
25 27 5907
25 28 2136
25 29 3020
25 30 5596
25 31 4616
25 32 2693
25 33 1641
25 34 3377
25 35 4357
25 36 5498
25 37 3764
25 38 4321
25 39 7671
25 40 4841
25 41 2886
25 42 3673
25 43 5377
25 44 3528
25 45 2484
25 46 6075
25 47 3990
25 48 2847
25 49 6909
25 50 2275
25 51 3071
25 52 516
25 53 4661
25 54 6850
25 55 4267
25 56 4820
25 57 4442
25 58 6365
25 59 5802
25 60 2555
25 61 6456
25 62 4318
25 63 2004
25 64 5894
25 65 7147
25 66 1026
25 67 3009
25 68 3949
25 69 6419
25 70 2486
25 71 2178
25 72 1121
25 73 7472
25 74 4525
25 75 6388
25 76 7287
25 77 4546
25 78 6477
25 79 7012
25 80 5070
25 81 5889
25 82 2339
25 83 3278
25 84 6041
25 85 2560
25 86 6767
25 87 3384
25 88 3843
25 89 7140
25 90 893
25 91 3822
25 92 3748
25 93 4331
25 94 5714
25 95 3069
25 96 2994
25 97 4551
25 98 7831
25 99 1639
25 100 1500
26 1 3140
26 2 4852
26 3 6050
26 4 5397
26 5 3035
26 6 3327
26 7 5172
26 8 4866
26 9 5037
26 10 5265
26 11 4626
26 12 5215
26 13 7032
26 14 2192
26 15 4224
26 16 4884
26 17 1815
26 18 4209
26 19 4929
26 20 5233
26 21 1253
26 22 1352
26 23 1921
26 24 5317
26 25 5035
26 26 0
26 27 3996
26 28 3041
26 29 3408
26 30 812
26 31 742
26 32 2622
26 33 3897
26 34 1709
26 35 2891
26 36 4062
26 37 1756
26 38 1677
26 39 3913
26 40 211
26 41 5562
26 42 3375
26 43 2946
26 44 3946
26 45 5330
26 46 1990
26 47 1951
26 48 3827
26 49 4332
26 50 2783
26 51 3041
26 52 5211
26 53 4006
26 54 4788
26 55 5137
26 56 292
26 57 3908
26 58 1329
26 59 1339
26 60 2937
26 61 1424
26 62 1304
26 63 3037
26 64 2634
26 65 4458
26 66 4427
26 67 2026
26 68 3636
26 69 5547
26 70 5457
26 71 3554
26 72 5419
26 73 4958
26 74 816
26 75 2368
26 76 3341
26 77 519
26 78 1503
26 79 4405
26 80 4080
26 81 5916
26 82 2725
26 83 4084
26 84 3250
26 85 3142
26 86 5171
26 87 1691
26 88 2051
26 89 2826
26 90 4891
26 91 2838
26 92 2985
26 93 1555
26 94 6004
26 95 3986
26 96 2041
26 97 1112
26 98 4266
26 99 3405
26 100 4559
27 1 5788
27 2 2484
27 3 3963
27 4 4056
27 5 3346
27 6 1113
27 7 4959
27 8 1241
27 9 2698
27 10 6677
27 11 4264
27 12 5573
27 13 3926
27 14 1805
27 15 2603
27 16 5279
27 17 2817
27 18 6157
27 19 1017
27 20 1319
27 21 3585
27 22 5312
27 23 2123
27 24 1757
27 25 5907
27 26 3996
27 27 0
27 28 5107
27 29 2887
27 30 4710
27 31 3363
27 32 5137
27 33 4269
27 34 4407
27 35 1668
27 36 519
27 37 3008
27 38 2575
27 39 2487
27 40 4050
27 41 4261
27 42 2234
27 43 1050
27 44 2493
27 45 4347
27 46 2522
27 47 5428
27 48 3102
27 49 1064
27 50 4699
27 51 2891
27 52 6356
27 53 1390
27 54 980
27 55 2692
27 56 4159
27 57 1569
27 58 4425
27 59 3054
27 60 3534
27 61 4558
27 62 2948
27 63 4512
27 64 1588
27 65 1308
27 66 4889
27 67 4161
27 68 1985
27 69 1636
27 70 4470
27 71 3740
27 72 5475
27 73 1566
27 74 4548
27 75 2409
27 76 2508
27 77 4112
27 78 4028
27 79 1162
27 80 999
27 81 2365
27 82 4697
27 83 2787
27 84 982
27 85 5717
27 86 1188
27 87 4368
27 88 5440
27 89 2947
27 90 5188
27 91 2185
27 92 2210
27 93 5222
27 94 2590
27 95 2942
27 96 4173
27 97 2998
27 98 2403
27 99 4939
27 100 4542
28 1 853
28 2 4317
28 3 4802
28 4 3825
28 5 1940
28 6 5091
28 7 2871
28 8 5297
28 9 4385
28 10 2224
28 11 2671
28 12 2538
28 13 6368
28 14 3760
28 15 3528
28 16 2274
28 17 2440
28 18 1212
28 19 5646
28 20 6399
28 21 4205
28 22 2936
28 23 3382
28 24 5529
28 25 2136
28 26 3041
28 27 5107
28 28 0
28 29 2594
28 30 3508
28 31 2787
28 32 565
28 33 1799
28 34 1331
28 35 3440
28 36 4845
28 37 2261
28 38 2842
28 39 6280
28 40 2834
28 41 3896
28 42 3127
28 43 4281
28 44 3348
28 45 3519
28 46 4459
28 47 1871
28 48 2747
28 49 5939
28 50 409
28 51 2375
28 52 2207
28 53 4217
28 54 6086
28 55 4517
28 56 2791
28 57 4009
28 58 4349
28 59 4036
28 60 1705
28 61 4426
28 62 2675
28 63 716
28 64 4554
28 65 6150
28 66 1938
28 67 1136
28 68 3494
28 69 6125
28 70 3601
28 71 1936
28 72 2869
28 73 6569
28 74 2432
28 75 4821
28 76 5803
28 77 2526
28 78 4535
28 79 6038
28 80 4547
28 81 5947
28 82 421
28 83 3246
28 84 4899
28 85 748
28 86 6191
28 87 1349
28 88 1730
28 89 5506
28 90 2340
28 91 2949
28 92 2967
28 93 2194
28 94 5876
28 95 3027
28 96 1120
28 97 2850
28 98 6525
28 99 610
28 100 2371
29 1 3418
29 2 1764
29 3 2668
29 4 2004
29 5 662
29 6 3321
29 7 2240
29 8 2765
29 9 1873
29 10 3806
29 11 1542
29 12 2728
29 13 3930
29 14 2357
29 15 981
29 16 2416
29 17 1617
29 18 3426
29 19 3179
29 20 4055
29 21 3963
29 22 4243
29 23 2160
29 24 2947
29 25 3020
29 26 3408
29 27 2887
29 28 2594
29 29 0
29 30 4202
29 31 2704
29 32 2858
29 33 1381
29 34 2573
29 35 1396
29 36 2492
29 37 1651
29 38 1920
29 39 4804
29 40 3302
29 41 2182
29 42 654
29 43 2432
29 44 762
29 45 2016
29 46 3523
29 47 3728
29 48 431
29 49 3894
29 50 2234
29 51 371
29 52 3470
29 53 1709
29 54 3838
29 55 2000
29 56 3356
29 57 1489
29 58 4562
29 59 3509
29 60 899
29 61 4689
29 62 2169
29 63 1890
29 64 3074
29 65 4134
29 66 2006
29 67 2104
29 68 968
29 69 3590
29 70 2151
29 71 861
29 72 2699
29 73 4452
29 74 3412
29 75 3746
29 76 4506
29 77 3134
29 78 4452
29 79 3997
29 80 2095
29 81 3353
29 82 2263
29 83 741
29 84 3089
29 85 3322
29 86 3800
29 87 2544
29 88 3661
29 89 4522
29 90 2337
29 91 910
29 92 788
29 93 3761
29 94 3290
29 95 589
29 96 2106
29 97 2419
29 98 4909
29 99 2234
29 100 1722
30 1 3420
30 2 5665
30 3 6854
30 4 6179
30 5 3794
30 6 3943
30 7 5872
30 8 5639
30 9 5850
30 10 5714
30 11 5360
30 12 5845
30 13 7843
30 14 2928
30 15 5034
30 16 5524
30 17 2623
30 18 4599
30 19 5671
30 20 5903
30 21 1454
30 22 987
30 23 2693
30 24 6100
30 25 5596
30 26 812
30 27 4710
30 28 3508
30 29 4202
30 30 0
30 31 1555
30 32 3015
30 33 4591
30 34 2219
30 35 3694
30 36 4817
30 37 2554
30 38 2487
30 39 4287
30 40 900
30 41 6338
30 42 4187
30 43 3670
30 44 4756
30 45 6090
30 46 2472
30 47 2016
30 48 4616
30 49 4939
30 50 3320
30 51 3832
30 52 5715
30 53 4806
30 54 5446
30 55 5950
30 56 858
30 57 4714
30 58 1002
30 59 1797
30 60 3675
30 61 1022
30 62 2117
30 63 3637
30 64 3255
30 65 5040
30 66 5080
30 67 2631
30 68 4448
30 69 6294
30 70 6215
30 71 4289
30 72 6080
30 73 5544
30 74 1076
30 75 2813
30 76 3701
30 77 1115
30 78 1422
30 79 5003
30 80 4863
30 81 6705
30 82 3256
30 83 4888
30 84 3897
30 85 3447
30 86 5867
30 87 2213
30 88 2154
30 89 3092
30 90 5542
30 91 3651
30 92 3798
30 93 1563
30 94 6802
30 95 4784
30 96 2644
30 97 1920
30 98 4671
30 99 3956
30 100 5262
31 1 3086
31 2 4110
31 3 5325
31 4 4705
31 5 2391
31 6 2827
31 7 4586
31 8 4163
31 9 4296
31 10 4966
31 11 4001
31 12 4713
31 13 6290
31 14 1568
31 15 3491
31 16 4375
31 17 1091
31 18 3997
31 19 4258
31 20 4640
31 21 1466
31 22 1955
31 23 1245
31 24 4601
31 25 4616
31 26 742
31 27 3363
31 28 2787
31 29 2704
31 30 1555
31 31 0
31 32 2482
31 33 3331
31 34 1529
31 35 2157
31 36 3381
31 37 1062
31 38 937
31 39 3666
31 40 716
31 41 4876
31 42 2637
31 43 2316
31 44 3212
31 45 4664
31 46 1744
31 47 2201
31 48 3129
31 49 3819
31 50 2459
31 51 2343
31 52 4853
31 53 3274
31 54 4212
31 55 4396
31 56 814
31 57 3170
31 58 1885
31 59 1249
31 60 2325
31 61 2004
31 62 563
31 63 2620
31 64 2154
31 65 3972
31 66 3907
31 67 1668
31 68 2893
31 69 4869
31 70 4795
31 71 2937
31 72 4878
31 73 4461
31 74 1192
31 75 2127
31 76 3132
31 77 752
31 78 1882
31 79 3901
31 80 3366
31 81 5193
31 82 2412
31 83 3360
31 84 2712
31 85 3063
31 86 4550
31 87 1498
31 88 2257
31 89 2746
31 90 4366
31 91 2097
31 92 2245
31 93 1908
31 94 5273
31 95 3272
31 96 1684
31 97 383
31 98 3976
31 99 3036
31 100 3974
32 1 656
32 2 4617
32 3 5230
32 4 4282
32 5 2196
32 6 4998
32 7 3409
32 8 5457
32 9 4707
32 10 2700
32 11 3158
32 12 3103
32 13 6730
32 14 3646
32 15 3828
32 16 2834
32 17 2359
32 18 1594
32 19 5763
32 20 6449
32 21 3833
32 22 2387
32 23 3260
32 24 5733
32 25 2693
32 26 2622
32 27 5137
32 28 565
32 29 2858
32 30 3015
32 31 2482
32 32 0
32 33 2275
32 34 954
32 35 3496
32 36 4927
32 37 2168
32 38 2715
32 39 6087
32 40 2411
32 41 4369
32 42 3317
32 43 4239
32 44 3620
32 45 4005
32 46 4208
32 47 1306
32 48 3078
32 49 5897
32 50 676
32 51 2584
32 52 2731
32 53 4380
32 54 6106
32 55 4838
32 56 2354
32 57 4183
32 58 3898
32 59 3725
32 60 1960
32 61 3966
32 62 2478
32 63 1120
32 64 4414
32 65 6096
32 66 2483
32 67 984
32 68 3687
32 69 6277
32 70 4095
32 71 2319
32 72 3429
32 73 6538
32 74 1945
32 75 4583
32 76 5582
32 77 2102
32 78 4125
32 79 5993
32 80 4677
32 81 6190
32 82 625
32 83 3558
32 84 4822
32 85 602
32 86 6265
32 87 983
32 88 1165
32 89 5228
32 90 2897
32 91 3051
32 92 3097
32 93 1639
32 94 6145
32 95 3351
32 96 970
32 97 2613
32 98 6359
32 99 1159
32 100 2885
33 1 2638
33 2 2768
33 3 3018
33 4 2027
33 5 1072
33 6 4640
33 7 1280
33 8 4068
33 9 2780
33 10 2438
33 11 883
33 12 1448
33 13 4651
33 14 3527
33 15 2036
33 16 1111
33 17 2419
33 18 2237
33 19 4518
33 20 5425
33 21 4766
33 22 4325
33 23 3243
33 24 4170
33 25 1641
33 26 3897
33 27 4269
33 28 1799
33 29 1381
33 30 4591
33 31 3331
33 32 2275
33 33 0
33 34 2493
33 35 2722
33 36 3870
33 37 2341
33 38 2837
33 39 6075
33 40 3732
33 41 2098
33 42 2036
33 43 3749
33 44 1956
33 45 1730
33 46 4584
33 47 3476
33 48 1264
33 49 5268
33 50 1609
33 51 1440
33 52 2089
33 53 3055
33 54 5218
33 55 2912
33 56 3744
33 57 2835
33 58 5194
33 59 4407
33 60 1034
33 61 5304
33 62 2923
33 63 1161
33 64 4306
33 65 5506
33 66 654
33 67 2004
33 68 2327
33 69 4878
33 70 1821
33 71 539
33 72 1551
33 73 5832
33 74 3599
33 75 4867
33 76 5721
33 77 3478
33 78 5210
33 79 5371
33 80 3457
33 81 4474
33 82 1669
33 83 1745
33 84 4413
33 85 2529
33 86 5161
33 87 2481
33 88 3362
33 89 5636
33 90 1068
33 91 2191
33 92 2110
33 93 3673
33 94 4345
33 95 1521
33 96 1995
33 97 3175
33 98 6216
33 99 1232
33 100 674
34 1 1562
34 2 4308
34 3 5174
34 4 4330
34 5 1974
34 6 4145
34 7 3755
34 8 4891
34 9 4438
34 10 3556
34 11 3337
34 12 3643
34 13 6500
34 14 2793
34 15 3546
34 16 3331
34 17 1590
34 18 2511
34 19 5132
34 20 5726
34 21 2890
34 22 1832
34 23 2407
34 24 5230
34 25 3377
34 26 1709
34 27 4407
34 28 1331
34 29 2573
34 30 2219
34 31 1529
34 32 954
34 33 2493
34 34 0
34 35 2840
34 36 4265
34 37 1401
34 38 1874
34 39 5161
34 40 1502
34 41 4455
34 42 2871
34 43 3443
34 44 3299
34 45 4143
34 46 3264
34 47 1160
34 48 2900
34 49 5081
34 50 1101
34 51 2229
34 52 3516
34 53 3846
34 54 5351
34 55 4561
34 56 1463
34 57 3672
34 58 3021
34 59 2770
34 60 1776
34 61 3102
34 62 1582
34 63 1435
34 64 3529
34 65 5267
34 66 2905
34 67 503
34 68 3227
34 69 5688
34 70 4254
34 71 2321
34 72 3903
34 73 5727
34 74 1155
34 75 3642
34 76 4644
34 77 1195
34 78 3205
34 79 5173
34 80 4084
34 81 5744
34 82 1038
34 83 3315
34 84 3984
34 85 1534
34 86 5571
34 87 39
34 88 1112
34 89 4276
34 90 3361
34 91 2483
34 92 2570
34 93 1215
34 94 5743
34 95 3141
34 96 508
34 97 1686
34 98 5446
34 99 1737
34 100 3164
35 1 4141
35 2 2057
35 3 3451
35 4 3119
35 5 1718
35 6 1927
35 7 3628
35 8 2074
35 9 2267
35 10 5067
35 11 2924
35 12 4117
35 13 4167
35 14 1102
35 15 1636
35 16 3798
35 17 1281
35 18 4494
35 19 2292
35 20 2961
35 21 3014
35 22 4058
35 23 1084
35 24 2469
35 25 4357
35 26 2891
35 27 1668
35 28 3440
35 29 1396
35 30 3694
35 31 2157
35 32 3496
35 33 2722
35 34 2840
35 35 0
35 36 1433
35 37 1456
35 38 1222
35 39 3410
35 40 2870
35 41 3321
35 42 847
35 43 1037
35 44 1389
35 45 3263
35 46 2310
35 47 3938
35 48 1739
35 49 2577
35 50 3033
35 51 1286
35 52 4775
35 53 1117
35 54 2649
35 55 2345
35 56 2961
35 57 1021
35 58 3756
35 59 2488
35 60 1886
35 61 3892
35 62 1618
35 63 2846
35 64 1710
35 65 2808
35 66 3369
35 67 2535
35 68 885
35 69 2851
35 70 3399
35 71 2182
35 72 4095
35 73 3177
35 74 3228
35 75 2463
35 76 3136
35 77 2831
35 78 3517
35 79 2679
35 80 1261
35 81 3045
35 82 3033
35 83 1652
35 84 1696
35 85 4065
35 86 2768
35 87 2802
35 88 3926
35 89 3225
35 90 3726
35 91 538
35 92 614
35 93 3807
35 94 3116
35 95 1698
35 96 2546
35 97 1779
35 98 3514
35 99 3278
35 100 3118
36 1 5568
36 2 1965
36 3 3447
36 4 3545
36 5 3007
36 6 1547
36 7 4489
36 8 867
36 9 2179
36 10 6298
36 11 3802
36 12 5130
36 13 3494
36 14 1892
36 15 2113
36 16 4846
36 17 2683
36 18 5844
36 19 882
36 20 1572
36 21 3807
36 22 5335
36 23 2143
36 24 1381
36 25 5498
36 26 4062
36 27 519
36 28 4845
36 29 2492
36 30 4817
36 31 3381
36 32 4927
36 33 3870
36 34 4265
36 35 1433
36 36 0
36 37 2867
36 38 2516
36 39 2989
36 40 4089
36 41 3749
36 42 1840
36 43 1184
36 44 2026
36 45 3846
36 46 2803
36 47 5338
36 48 2664
36 49 1572
36 50 4441
36 51 2546
36 52 5959
36 53 892
36 54 1355
36 55 2175
36 56 4194
36 57 1088
36 58 4636
36 59 3263
36 60 3211
36 61 4771
36 62 2909
36 63 4215
36 64 1889
36 65 1813
36 66 4473
36 67 3969
36 68 1549
36 69 1488
36 70 3967
36 71 3353
36 72 5013
36 73 2021
36 74 4537
36 75 2750
36 76 2969
36 77 4113
36 78 4275
36 79 1666
36 80 486
36 81 2007
36 82 4446
36 83 2314
36 84 1372
36 85 5490
36 86 1346
36 87 4226
36 88 5335
36 89 3354
36 90 4750
36 91 1895
36 92 1888
36 93 5172
36 94 2195
36 95 2483
36 96 3980
36 97 3002
36 98 2919
36 99 4626
36 100 4098
37 1 2824
37 2 3174
37 3 4300
37 4 3646
37 5 1343
37 6 2840
37 7 3563
37 8 3526
37 9 3342
37 10 4255
37 11 2954
37 12 3766
37 13 5381
37 14 1499
37 15 2495
37 16 3425
37 17 192
37 18 3439
37 19 3740
37 20 4327
37 21 2433
37 22 2701
37 23 1122
37 24 3898
37 25 3764
37 26 1756
37 27 3008
37 28 2261
37 29 1651
37 30 2554
37 31 1062
37 32 2168
37 33 2341
37 34 1401
37 35 1456
37 36 2867
37 37 0
37 38 588
37 39 4037
37 40 1657
37 41 3815
37 42 1679
37 43 2072
37 44 2220
37 45 3603
37 46 2314
37 47 2482
37 48 2072
37 49 3728
37 50 1864
37 51 1286
37 52 4070
37 53 2516
37 54 3961
37 55 3452
37 56 1718
37 57 2366
37 58 2943
37 59 2068
37 60 1310
37 61 3064
37 62 583
37 63 1859
37 64 2295
37 65 3928
37 66 2954
37 67 1185
37 68 1990
37 69 4307
37 70 3734
37 71 1904
37 72 3892
37 73 4370
37 74 1856
37 75 2642
37 76 3588
37 77 1518
37 78 2894
37 79 3824
37 80 2714
37 81 4446
37 82 1840
37 83 2336
37 84 2657
37 85 2765
37 86 4170
37 87 1362
37 88 2471
37 89 3381
37 90 3401
37 91 1187
37 92 1311
37 93 2368
37 94 4480
37 95 2230
37 96 1199
37 97 838
37 98 4268
37 99 2313
37 100 2956
38 1 3369
38 2 3187
38 3 4455
38 4 3915
38 5 1786
38 6 2284
38 7 4009
38 8 3259
38 9 3380
38 10 4838
38 11 3363
38 12 4281
38 13 5356
38 14 931
38 15 2605
